<?xml version="1.0" encoding="UTF-8" standalone="no"?>
<!DOCTYPE svg PUBLIC "-//W3C//DTD SVG 20010904//EN"
              "http://www.w3.org/TR/2001/REC-SVG-20010904/DTD/svg10.dtd">

<svg xmlns="http://www.w3.org/2000/svg"
     width="22.2222in" height="16.6667in"
     viewBox="0 0 2000 1500">
  <path id="path15936"
        fill="none" stroke="black" stroke-width="1"
        d="M 8699.20,1035.58
           C 8699.20,1035.58 8764.28,1061.61 8751.26,1122.35
             8738.25,1183.09 8729.57,1222.14 8712.22,1252.51
             8694.86,1282.88 8647.13,1343.62 8634.12,1382.67
             8621.10,1421.72 8577.72,1473.78 8577.72,1473.78
             8577.72,1473.78 8577.72,1508.49 8577.72,1508.49
             8577.72,1508.49 8826.97,1750.55 8963.86,1933.69
             9246.34,2311.61 9219.84,2571.47 9219.84,2571.47
             9219.84,2571.47 9284.92,2606.18 9332.65,2588.83
             9380.37,2571.47 9436.78,2649.57 9402.07,2710.31
             9367.36,2771.05 9297.94,2788.41 9341.33,2853.49
             9384.71,2918.57 9519.21,2853.49 9510.54,2801.43
             9501.86,2749.36 9627.68,2645.23 9705.78,2718.99
             9783.87,2792.75 9753.50,2844.81 9818.58,2827.46
             9883.66,2810.10 9970.44,2775.39 9918.37,2831.80
             9866.31,2888.20 9770.86,2901.22 9809.91,2918.57
             9848.95,2935.93 9957.42,2914.23 9961.76,2931.59
             9966.10,2948.94 9922.71,2961.96 9888.00,3014.02
             9853.29,3066.09 9632.02,3742.92 9632.02,3742.92
             9632.02,3742.92 9523.55,4124.73 9523.55,4124.73
             9523.55,4124.73 9536.57,4272.24 9536.57,4272.24
             9536.57,4272.24 9757.84,4319.97 9757.84,4319.97
             9757.84,4319.97 9966.10,4480.50 9966.10,4480.50
             9966.10,4480.50 10074.57,4636.69 10074.57,4636.69
             10074.57,4636.69 10282.82,4628.02 10282.82,4628.02
             10282.82,4628.02 10634.26,89.74 10634.26,89.74
             10634.26,89.74 8733.91,601.71 8733.91,601.71
             8733.91,601.71 8738.25,868.21 8738.25,868.21
             8738.25,868.21 8768.62,868.21 8768.62,868.21
             8768.62,868.21 8751.26,970.50 8751.26,970.50
             8751.26,970.50 8699.20,1035.58 8699.20,1035.58 Z" />
</svg>
