<?xml version="1.0" encoding="UTF-8" standalone="no"?>
<!DOCTYPE svg PUBLIC "-//W3C//DTD SVG 20010904//EN"
              "http://www.w3.org/TR/2001/REC-SVG-20010904/DTD/svg10.dtd">

<svg xmlns="http://www.w3.org/2000/svg"
     width="22.2222in" height="16.6667in"
     viewBox="0 0 2000 1500">
  <path id="pt"
        fill="none" stroke="black" stroke-width="1"
        d="M 398.97,1371.09
           C 399.51,1359.74 396.81,1357.85 405.73,1350.02
             407.35,1348.67 407.08,1345.70 408.70,1344.89
             409.24,1344.62 422.48,1344.35 419.24,1338.95
             418.43,1337.60 415.73,1339.76 414.37,1338.95
             413.02,1337.87 413.29,1335.71 412.75,1334.09
             412.21,1332.47 412.21,1330.57 411.13,1329.22
             410.86,1328.68 409.24,1329.22 409.24,1328.68
             410.05,1326.79 411.94,1325.44 412.75,1323.55
             414.37,1320.31 409.78,1322.74 414.37,1318.96
             418.43,1315.72 423.83,1316.26 424.37,1309.24
             424.37,1308.70 419.24,1305.19 418.16,1303.02
             416.54,1299.51 418.43,1293.84 418.43,1293.30
             418.16,1293.03 413.83,1284.66 413.83,1284.39
             413.56,1283.85 414.64,1284.66 415.18,1284.66
             417.62,1285.47 419.24,1285.74 421.67,1286.28
             427.89,1287.90 429.24,1288.44 432.48,1282.23
             436.26,1274.66 432.21,1277.36 431.40,1271.69
             430.59,1266.56 438.97,1268.99 439.24,1265.21
             439.51,1262.51 436.53,1264.94 438.16,1261.70
             438.43,1261.16 439.51,1261.16 439.78,1260.35
             440.59,1258.46 440.59,1256.57 440.86,1254.68
             441.13,1252.52 442.75,1250.36 442.48,1248.19
             442.48,1248.19 440.05,1241.71 440.05,1241.71
             440.86,1240.90 442.75,1242.52 443.83,1241.98
             443.83,1241.98 449.51,1236.04 449.51,1236.04
             453.56,1233.88 461.13,1233.61 463.29,1227.67
             464.91,1222.26 457.88,1222.81 455.99,1222.53
             454.64,1222.26 457.07,1212.00 455.99,1211.46
             450.86,1208.76 449.78,1211.19 443.56,1208.76
             442.48,1208.22 442.75,1205.52 440.32,1207.14
             439.78,1207.68 440.86,1209.03 440.32,1209.57
             436.53,1212.81 432.48,1209.03 431.40,1208.76
             430.32,1208.22 428.97,1209.57 428.16,1209.03
             427.62,1208.76 429.78,1208.22 429.24,1207.68
             428.97,1206.60 427.62,1206.33 426.54,1206.33
             424.91,1206.06 423.02,1206.60 421.40,1206.33
             421.13,1206.06 421.67,1205.52 421.67,1204.98
             421.67,1204.71 421.94,1203.63 421.67,1203.90
             420.32,1204.17 417.08,1207.95 414.64,1206.33
             408.16,1201.74 420.86,1200.66 417.62,1197.42
             417.08,1196.88 416.00,1197.42 415.45,1196.88
             415.18,1196.34 416.54,1195.25 416.00,1194.98
             411.13,1193.90 404.37,1195.53 400.32,1197.69
             399.78,1200.39 393.02,1201.74 394.65,1204.17
             395.73,1205.52 398.97,1204.98 399.51,1206.60
             400.05,1207.95 396.54,1206.33 395.73,1207.41
             394.11,1209.84 394.38,1221.45 394.92,1224.43
             394.92,1225.24 396.27,1225.51 396.27,1226.59
             396.00,1231.18 394.11,1233.88 392.21,1237.66
             391.40,1239.28 387.89,1242.79 389.78,1242.52
             391.67,1241.98 391.67,1237.93 393.56,1237.39
             394.92,1237.12 395.73,1239.82 395.19,1240.90
             393.83,1242.79 390.05,1241.98 388.70,1244.14
             386.81,1247.38 385.73,1251.17 383.57,1254.41
             382.75,1255.76 381.13,1256.57 381.40,1257.92
             381.40,1259.27 383.84,1259.81 384.38,1261.16
             384.65,1261.70 383.02,1259.54 382.21,1260.08
             380.86,1260.89 380.32,1263.05 379.24,1264.67
             376.54,1268.99 373.57,1274.39 370.32,1278.18
             369.51,1279.26 367.89,1279.53 366.81,1280.88
             366.54,1281.15 368.16,1281.96 367.62,1282.23
             365.46,1282.77 362.76,1280.88 361.40,1282.23
             360.05,1283.58 362.49,1285.74 361.95,1287.36
             361.13,1290.06 353.03,1301.40 353.84,1304.10
             354.38,1306.00 355.73,1307.62 356.81,1309.51
             359.51,1314.10 358.43,1316.26 358.43,1316.26
             360.59,1316.80 363.03,1316.53 365.19,1316.26
             366.27,1316.26 366.81,1314.91 367.89,1315.18
             368.97,1315.18 369.51,1316.80 370.86,1317.07
             371.67,1317.34 371.67,1313.56 372.21,1314.37
             373.03,1315.72 371.67,1317.61 372.21,1318.69
             373.03,1319.77 376.81,1320.31 375.73,1320.85
             368.43,1324.36 372.76,1315.18 366.81,1315.99
             365.19,1316.26 368.70,1318.42 369.24,1319.77
             369.51,1321.39 369.24,1323.28 368.97,1325.17
             368.43,1328.68 363.84,1331.92 363.84,1334.63
             363.84,1335.71 365.46,1336.52 365.46,1337.60
             365.73,1339.49 362.76,1343.00 364.65,1343.54
             365.19,1343.54 367.08,1342.73 366.54,1343.27
             366.00,1344.08 364.38,1343.54 363.84,1344.35
             362.49,1347.05 363.30,1350.29 361.95,1352.99
             360.86,1355.15 354.38,1364.07 354.92,1367.04
             355.19,1368.12 357.08,1365.96 358.16,1365.96
             359.78,1365.69 361.40,1366.23 363.03,1365.96
             363.84,1365.96 364.65,1365.15 365.46,1365.42
             369.78,1366.50 383.84,1375.68 385.73,1375.41
             386.54,1375.41 394.92,1371.36 395.46,1371.09
             396.27,1371.09 397.62,1371.09 398.97,1371.09 Z" />
</svg>
