<?xml version="1.0" encoding="UTF-8" standalone="no"?>
<!DOCTYPE svg PUBLIC "-//W3C//DTD SVG 20010904//EN"
              "http://www.w3.org/TR/2001/REC-SVG-20010904/DTD/svg10.dtd">

<svg xmlns="http://www.w3.org/2000/svg"
     width="22.2222in" height="16.6667in"
     viewBox="0 0 2000 1500">
  <path id="ma"
        fill="none" stroke="black" stroke-width="1"
        d="M 546.80,1497.50
           C 546.80,1497.50 546.80,1497.50 546.80,1497.23
             546.53,1495.06 542.47,1494.52 542.47,1492.36
             542.20,1490.47 545.72,1489.66 545.99,1487.77
             545.99,1486.69 534.91,1476.97 534.09,1474.00
             534.09,1474.00 532.20,1471.84 532.20,1471.84
             531.12,1471.30 530.04,1471.03 528.42,1470.76
             527.61,1470.49 527.07,1472.11 526.26,1472.11
             524.91,1472.38 523.28,1471.84 521.93,1471.30
             519.50,1470.49 517.07,1464.54 515.99,1464.27
             515.99,1464.27 515.45,1465.08 515.45,1465.08
             515.45,1466.97 518.69,1468.32 518.69,1470.22
             518.69,1471.30 515.99,1469.95 515.45,1469.13
             514.64,1468.05 514.58,1466.81 514.31,1465.46
             515.09,1455.48 514.81,1455.74 510.31,1462.59
             509.77,1462.86 502.48,1464.81 502.21,1464.81
             499.77,1464.81 494.10,1459.68 493.02,1459.68
             491.40,1459.68 490.04,1461.57 488.15,1461.84
             487.34,1461.84 486.53,1461.30 485.99,1460.76
             485.45,1460.22 486.26,1458.87 485.72,1458.87
             482.21,1458.60 476.26,1461.30 472.48,1460.49
             462.75,1458.60 451.13,1448.07 448.43,1438.07
             448.43,1438.07 442.48,1438.07 442.48,1438.07
             442.48,1438.07 440.59,1430.24 440.59,1430.24
             438.97,1430.24 432.21,1428.89 431.40,1429.43
             430.59,1429.70 421.67,1446.18 420.59,1447.80
             413.83,1459.95 404.92,1474.00 394.38,1483.18
             382.75,1493.98 360.59,1491.55 346.00,1495.60
             345.46,1495.87 344.92,1495.87 344.38,1496.41
             344.38,1496.41 334.65,1496.41 334.65,1496.41
             334.65,1496.41 333.57,1497.50 333.57,1497.50
             333.57,1497.50 546.80,1497.50 546.80,1497.50 Z" />
</svg>
