<?xml version="1.0" encoding="UTF-8" standalone="no"?>
<!DOCTYPE svg PUBLIC "-//W3C//DTD SVG 20010904//EN"
              "http://www.w3.org/TR/2001/REC-SVG-20010904/DTD/svg10.dtd">

<svg xmlns="http://www.w3.org/2000/svg"
     width="22.2222in" height="16.6667in"
     viewBox="0 0 2000 1500">
  <path id="es"
        fill="none" stroke="black" stroke-width="1"
        d="M 675.98,1230.37
           C 677.87,1231.18 680.03,1231.72 681.38,1232.80
             681.92,1233.34 682.19,1236.31 683.81,1236.04
             685.98,1235.77 687.87,1234.42 690.30,1234.42
             693.00,1234.42 697.60,1239.82 700.30,1239.01
             701.38,1238.74 700.30,1236.58 701.11,1236.04
             705.16,1233.34 710.03,1235.77 714.35,1236.85
             714.35,1236.85 715.43,1236.85 715.43,1236.85
             716.78,1238.20 717.86,1239.55 717.32,1241.17
             716.78,1243.33 713.27,1242.79 711.92,1244.14
             710.84,1245.22 715.16,1251.44 712.46,1256.03
             711.11,1259.00 699.49,1263.59 696.24,1264.94
             693.27,1266.02 688.68,1267.10 686.52,1268.99
             684.89,1270.07 682.46,1274.12 680.03,1274.66
             670.84,1277.36 654.36,1275.47 647.06,1281.42
             645.17,1283.04 641.38,1284.39 641.92,1286.82
             642.74,1288.71 646.79,1288.44 646.52,1290.33
             646.52,1291.14 638.14,1293.03 637.60,1293.30
             634.36,1295.73 633.28,1300.32 630.57,1303.02
             623.01,1310.86 613.01,1318.42 608.14,1328.41
             605.98,1332.47 608.95,1345.43 611.39,1348.94
             612.20,1350.02 622.20,1355.69 619.76,1357.31
             617.87,1358.93 613.28,1359.47 611.39,1360.83
             610.85,1361.37 610.85,1362.72 610.31,1362.99
             609.76,1363.53 608.95,1362.72 608.41,1362.72
             606.25,1363.26 603.82,1363.53 601.93,1364.88
             601.12,1365.69 601.66,1367.58 600.58,1368.39
             599.77,1368.93 598.41,1367.85 597.87,1368.39
             596.79,1369.74 597.60,1371.90 596.79,1372.98
             595.71,1374.06 593.55,1372.98 592.74,1374.33
             591.66,1375.95 593.28,1378.38 592.47,1380.00
             590.31,1385.40 585.44,1379.19 585.17,1387.84
             585.17,1390.00 589.50,1390.81 588.96,1392.70
             588.14,1394.59 585.17,1394.32 583.01,1394.05
             581.66,1394.05 580.31,1392.70 578.96,1392.43
             573.28,1390.81 566.52,1393.51 561.66,1396.75
             553.28,1402.15 553.28,1412.68 544.63,1417.01
             541.39,1418.90 540.31,1409.98 532.20,1412.14
             530.58,1412.68 529.77,1414.85 527.88,1415.39
             525.45,1416.20 519.77,1411.60 517.34,1411.33
             514.10,1410.52 510.58,1412.41 507.07,1411.87
             505.18,1411.33 504.10,1409.71 502.21,1409.17
             498.69,1407.82 482.75,1405.39 479.77,1405.93
             476.53,1406.74 474.91,1410.79 471.94,1412.14
             467.61,1413.76 462.21,1408.90 456.26,1411.87
             451.40,1414.30 451.94,1416.47 449.51,1419.98
             449.24,1420.25 447.61,1418.63 446.53,1419.44
             444.91,1420.79 443.56,1422.95 441.40,1423.76
             440.59,1424.03 440.59,1422.14 439.78,1421.60
             438.70,1420.79 437.07,1420.52 436.26,1419.71
             435.18,1418.36 434.91,1416.47 433.56,1415.39
             432.75,1414.58 431.13,1415.39 430.32,1414.58
             428.43,1412.68 425.72,1403.77 425.18,1401.07
             425.18,1400.80 429.24,1404.85 428.70,1402.42
             428.70,1401.61 427.08,1402.42 426.81,1401.88
             426.54,1401.34 427.89,1400.80 427.62,1400.26
             426.81,1395.67 422.75,1401.07 423.02,1393.24
             423.02,1393.24 433.56,1388.38 431.13,1387.84
             428.97,1387.30 427.62,1391.89 425.45,1391.35
             423.56,1391.08 424.37,1387.84 423.56,1386.21
             422.75,1384.59 421.67,1383.24 420.59,1381.89
             420.59,1381.89 413.29,1374.87 413.29,1374.87
             413.29,1374.60 413.29,1374.60 413.29,1374.33
             413.02,1374.87 412.75,1375.14 412.21,1375.14
             410.59,1375.41 409.78,1373.25 408.43,1372.44
             407.35,1371.90 402.48,1371.09 398.97,1371.09
             399.51,1359.74 396.81,1357.85 405.73,1350.02
             407.35,1348.67 407.08,1345.70 408.70,1344.89
             409.24,1344.62 422.48,1344.35 419.24,1338.95
             418.43,1337.60 415.73,1339.76 414.37,1338.95
             413.02,1337.87 413.29,1335.71 412.75,1334.09
             412.21,1332.47 412.21,1330.57 411.13,1329.22
             410.86,1328.68 409.24,1329.22 409.24,1328.68
             410.05,1326.79 411.94,1325.44 412.75,1323.55
             414.37,1320.31 409.78,1322.74 414.37,1318.96
             418.43,1315.72 423.83,1316.26 424.37,1309.24
             424.37,1308.70 419.24,1305.19 418.16,1303.02
             416.54,1299.51 418.43,1293.84 418.43,1293.30
             418.16,1293.03 413.83,1284.66 413.83,1284.39
             413.56,1283.85 414.64,1284.66 415.18,1284.66
             417.62,1285.47 419.24,1285.74 421.67,1286.28
             427.89,1287.90 429.24,1288.44 432.48,1282.23
             436.26,1274.66 432.21,1277.36 431.40,1271.69
             430.59,1266.56 438.97,1268.99 439.24,1265.21
             439.51,1262.51 436.53,1264.94 438.16,1261.70
             438.43,1261.16 439.51,1261.16 439.78,1260.35
             440.59,1258.46 440.59,1256.57 440.86,1254.68
             441.13,1252.52 442.75,1250.36 442.48,1248.19
             442.48,1248.19 440.05,1241.71 440.05,1241.71
             440.86,1240.90 442.75,1242.52 443.83,1241.98
             443.83,1241.98 449.51,1236.04 449.51,1236.04
             453.56,1233.88 461.13,1233.61 463.29,1227.67
             464.91,1222.26 457.88,1222.81 455.99,1222.53
             454.64,1222.26 457.07,1212.00 455.99,1211.46
             450.86,1208.76 449.78,1211.19 443.56,1208.76
             442.48,1208.22 442.75,1205.52 440.32,1207.14
             439.78,1207.68 440.86,1209.03 440.32,1209.57
             436.53,1212.81 432.48,1209.03 431.40,1208.76
             430.32,1208.22 428.97,1209.57 428.16,1209.03
             427.62,1208.76 429.78,1208.22 429.24,1207.68
             428.97,1206.60 427.62,1206.33 426.54,1206.33
             424.91,1206.06 423.02,1206.60 421.40,1206.33
             421.13,1206.06 421.67,1205.52 421.67,1204.98
             421.67,1204.71 421.94,1203.63 421.67,1203.90
             420.32,1204.17 417.08,1207.95 414.64,1206.33
             408.16,1201.74 420.86,1200.66 417.62,1197.42
             417.08,1196.88 416.00,1197.42 415.45,1196.88
             415.18,1196.34 416.54,1195.25 416.00,1194.98
             411.13,1193.90 404.37,1195.53 400.32,1197.69
             400.86,1195.53 397.89,1193.63 397.89,1191.47
             397.62,1190.66 399.24,1192.55 399.78,1192.01
             400.32,1191.74 399.24,1190.66 399.51,1190.12
             400.05,1187.69 404.10,1188.50 406.00,1186.88
             406.54,1186.61 407.62,1185.26 406.81,1185.53
             405.19,1185.80 403.56,1187.42 401.94,1187.69
             400.59,1187.96 400.05,1185.53 401.13,1184.45
             402.75,1183.37 406.27,1184.18 406.81,1182.29
             407.08,1180.67 403.29,1182.83 401.94,1182.29
             400.86,1181.75 400.05,1180.40 399.78,1179.32
             399.51,1176.62 402.21,1180.13 402.48,1179.86
             403.02,1178.78 402.48,1177.43 403.29,1176.35
             404.10,1175.00 406.54,1174.73 406.81,1173.11
             408.16,1159.87 397.35,1175.00 395.19,1162.03
             393.56,1153.12 401.13,1155.82 401.40,1154.47
             401.67,1153.66 399.24,1154.47 398.43,1153.93
             398.16,1153.39 399.24,1152.85 399.51,1152.85
             402.48,1152.31 404.10,1153.12 406.27,1152.85
             413.29,1152.31 422.75,1146.37 429.24,1143.67
             431.67,1142.59 434.37,1139.07 436.80,1140.70
             437.89,1141.51 435.18,1144.75 436.53,1145.02
             438.70,1145.29 440.05,1141.51 442.21,1141.51
             449.51,1141.51 448.97,1154.20 455.72,1155.82
             457.07,1156.09 457.61,1153.12 458.97,1153.39
             466.53,1155.28 462.48,1155.55 470.05,1156.63
             471.94,1156.90 475.45,1156.09 477.07,1156.36
             478.69,1156.90 479.50,1158.52 481.13,1158.52
             483.29,1158.52 485.18,1155.82 487.34,1156.36
             489.23,1156.90 489.50,1160.14 491.12,1161.49
             492.75,1162.84 495.99,1161.22 497.61,1162.84
             498.15,1163.38 496.53,1164.19 497.07,1164.46
             497.61,1165.27 499.23,1163.38 500.04,1163.92
             506.80,1168.52 524.37,1177.16 533.28,1174.46
             533.82,1174.19 533.82,1173.11 534.36,1172.84
             535.45,1172.57 536.53,1172.84 537.61,1172.84
             539.77,1173.11 545.45,1172.57 547.07,1175.81
             547.07,1176.08 546.80,1176.62 546.53,1176.89
             548.69,1177.43 554.63,1183.10 556.80,1183.10
             557.61,1183.10 556.26,1181.21 556.80,1180.67
             557.34,1179.86 558.42,1179.59 559.50,1179.32
             567.34,1178.24 562.20,1179.05 565.44,1182.83
             566.52,1183.91 568.69,1182.29 569.77,1183.10
             571.39,1183.91 572.20,1185.80 573.55,1186.61
             577.06,1188.50 584.63,1188.23 589.77,1186.88
             591.39,1188.50 594.36,1191.20 594.36,1191.20
             594.90,1191.47 594.63,1190.12 594.90,1190.12
             596.25,1190.39 597.87,1190.93 598.68,1192.01
             601.12,1194.71 593.28,1197.96 596.79,1199.58
             598.41,1200.12 600.04,1197.15 600.58,1197.69
             600.85,1198.23 600.04,1199.58 600.58,1200.12
             604.36,1203.63 610.31,1202.28 613.82,1204.98
             614.09,1205.25 616.79,1211.46 617.06,1211.46
             620.57,1214.16 624.09,1209.30 627.87,1212.54
             629.76,1214.16 628.41,1217.67 631.93,1217.67
             633.55,1217.94 634.63,1216.32 636.25,1216.59
             637.87,1216.86 638.68,1218.75 640.30,1219.02
             641.11,1219.02 641.11,1217.40 641.92,1217.40
             644.63,1217.13 647.06,1219.29 650.03,1219.56
             650.03,1219.56 648.68,1213.35 651.92,1213.89
             656.52,1214.70 659.22,1217.94 662.19,1220.64
             662.46,1220.91 663.27,1220.64 663.81,1220.64
             665.17,1220.91 666.79,1220.91 667.60,1221.72
             668.95,1222.81 668.14,1225.24 669.49,1226.05
             669.49,1226.05 669.49,1226.32 669.49,1226.32
             668.14,1229.02 667.60,1232.80 675.98,1230.37M 440.59,1430.24
           C 440.59,1430.24 442.48,1438.07 442.48,1438.07
             442.48,1438.07 448.43,1438.07 448.43,1438.07
             448.43,1437.26 448.16,1436.72 448.16,1435.91
             447.88,1434.29 447.34,1432.67 447.88,1431.05
             448.16,1430.24 450.59,1429.97 450.32,1429.16
             448.70,1425.38 441.13,1429.97 440.59,1430.24
             440.59,1430.24 440.59,1430.24 440.59,1430.24 Z
           M 705.97,1323.28
           C 701.92,1337.06 706.78,1327.33 713.54,1333.01
             715.43,1334.63 701.65,1347.86 700.57,1347.59
             699.22,1347.59 699.49,1344.62 698.14,1343.81
             694.08,1341.38 693.81,1345.70 692.46,1341.65
             691.92,1339.76 692.46,1337.33 691.11,1336.25
             690.03,1335.17 688.41,1337.06 687.33,1336.79
             685.43,1336.52 683.54,1335.71 681.92,1334.63
             681.65,1334.36 682.19,1333.82 682.46,1333.55
             689.22,1328.41 697.60,1324.90 705.97,1323.28
             705.97,1323.28 705.97,1323.28 705.97,1323.28 Z
           M 734.35,1323.55
           C 740.57,1339.22 733.27,1328.41 729.49,1326.52
             727.86,1325.98 725.70,1327.33 724.08,1326.25
             717.32,1321.66 726.24,1319.77 734.35,1323.55 Z
           M 686.25,1348.94
           C 684.62,1350.56 682.19,1350.56 682.19,1351.91
             682.19,1352.99 683.27,1355.15 684.62,1355.15
             686.25,1355.15 687.33,1355.15 689.49,1353.26
             691.65,1351.37 689.49,1350.02 689.49,1350.02
             689.49,1350.02 686.52,1348.94 686.52,1348.94
             686.52,1348.94 686.25,1348.94 686.25,1348.94 Z
           M 679.76,1340.84
           C 677.60,1341.38 677.06,1342.73 675.98,1344.08
             674.90,1345.70 673.27,1348.13 675.71,1349.21
             677.06,1350.02 681.11,1347.86 681.92,1346.24
             682.46,1344.89 684.08,1344.62 684.08,1343.00
             684.08,1341.65 682.19,1340.57 682.19,1340.57
             682.19,1340.57 679.76,1340.84 679.76,1340.84 Z" />
</svg>
