<?xml version="1.0" encoding="UTF-8" standalone="no"?>
<!DOCTYPE svg PUBLIC "-//W3C//DTD SVG 20010904//EN"
              "http://www.w3.org/TR/2001/REC-SVG-20010904/DTD/svg10.dtd">

<svg xmlns="http://www.w3.org/2000/svg"
     width="22.2222in" height="16.6667in"
     viewBox="0 0 2000 1500">
  <path id="tn"
        fill="none" stroke="black" stroke-width="1"
        d="M 853.26,1438.34
           C 861.10,1436.99 863.53,1429.97 873.80,1428.08
             877.04,1427.54 886.23,1421.06 888.66,1424.57
             889.74,1426.19 886.23,1428.08 886.77,1429.97
             887.85,1435.10 891.64,1429.43 891.10,1428.89
             890.28,1428.08 888.39,1429.70 887.58,1428.89
             884.07,1424.30 899.74,1428.08 900.55,1429.97
             901.09,1431.05 897.31,1429.97 896.77,1431.05
             896.50,1432.13 898.93,1431.59 899.74,1432.13
             900.28,1432.94 898.12,1433.21 897.85,1434.02
             896.50,1436.72 902.45,1439.69 902.99,1440.50
             904.07,1442.13 903.26,1445.10 904.88,1446.18
             905.15,1446.45 917.04,1435.37 922.98,1433.21
             923.53,1433.21 923.53,1434.02 923.53,1434.29
             924.07,1436.45 925.42,1438.61 925.15,1440.77
             924.61,1442.67 922.44,1443.48 921.36,1444.83
             919.20,1447.53 918.39,1452.93 916.23,1454.82
             910.55,1460.22 900.55,1459.41 908.12,1472.65
             911.09,1478.05 914.88,1477.24 916.77,1478.86
             917.58,1479.40 916.50,1481.29 917.31,1481.83
             918.93,1483.18 921.63,1482.64 923.25,1483.99
             923.53,1484.53 922.44,1493.17 922.71,1493.98
             923.25,1495.60 926.23,1496.14 926.77,1497.50
             926.77,1497.50 847.31,1497.50 847.31,1497.50
             847.58,1496.14 843.26,1496.14 842.99,1494.25
             841.91,1487.77 844.61,1493.44 844.88,1487.77
             845.42,1481.83 841.91,1480.21 842.45,1474.27
             842.45,1472.11 845.96,1455.63 845.69,1455.09
             844.61,1453.47 839.21,1454.28 840.29,1452.66
             842.45,1449.69 845.69,1450.23 848.13,1448.07
             852.45,1444.56 844.88,1444.56 847.31,1443.48
             848.40,1442.94 854.88,1443.21 854.07,1440.77
             853.80,1440.23 853.26,1439.96 853.26,1439.42
             852.99,1439.15 853.26,1438.88 853.26,1438.34 Z" />
</svg>
