<?xml version="1.0" encoding="UTF-8" standalone="no"?>
<!DOCTYPE svg PUBLIC "-//W3C//DTD SVG 20010904//EN"
              "http://www.w3.org/TR/2001/REC-SVG-20010904/DTD/svg10.dtd">

<svg xmlns="http://www.w3.org/2000/svg"
     width="22.2222in" height="16.6667in"
     viewBox="0 0 2000 1500">
  <path id="dz"
        fill="none" stroke="black" stroke-width="1"
        d="M 853.26,1438.34
           C 853.26,1438.88 852.99,1439.15 853.26,1439.42
             853.26,1439.96 853.80,1440.23 854.07,1440.77
             854.88,1443.21 848.40,1442.94 847.31,1443.48
             844.88,1444.56 852.45,1444.56 848.13,1448.07
             845.69,1450.23 842.45,1449.69 840.29,1452.66
             839.21,1454.28 844.61,1453.47 845.69,1455.09
             845.96,1455.63 842.45,1472.11 842.45,1474.27
             841.91,1480.21 845.42,1481.83 844.88,1487.77
             844.61,1493.44 841.91,1487.77 842.99,1494.25
             843.26,1496.14 847.58,1496.14 847.31,1497.50
             847.31,1497.50 546.80,1497.50 546.80,1497.50
             546.80,1497.50 546.80,1497.50 546.80,1497.23
             546.53,1495.06 542.47,1494.52 542.47,1492.36
             542.20,1490.47 545.72,1489.66 545.99,1487.77
             545.99,1486.69 534.91,1476.97 534.09,1474.00
             534.09,1474.00 532.20,1471.84 532.20,1471.84
             531.93,1471.84 531.66,1471.57 531.66,1471.57
             534.91,1472.92 535.18,1475.35 541.12,1475.89
             544.09,1475.89 561.66,1469.40 563.01,1468.05
             566.79,1464.27 565.71,1461.03 571.12,1458.60
             577.61,1455.63 581.66,1459.14 582.47,1459.14
             587.60,1457.52 586.79,1452.66 591.39,1453.74
             598.14,1455.63 585.17,1457.25 598.14,1458.87
             603.28,1459.68 604.09,1452.93 606.52,1450.50
             609.22,1448.07 631.38,1439.15 634.63,1438.88
             644.09,1438.07 653.00,1439.15 663.00,1439.15
             665.98,1439.15 668.95,1437.53 671.92,1437.80
             672.73,1437.80 673.27,1438.88 674.08,1439.15
             675.44,1439.69 677.06,1439.96 678.41,1440.23
             683.00,1440.77 686.25,1435.10 689.76,1433.75
             693.54,1431.86 694.08,1438.88 697.60,1436.18
             698.41,1435.64 697.87,1434.29 698.68,1434.02
             699.22,1433.75 699.49,1435.10 700.03,1435.37
             701.65,1435.91 703.54,1436.45 705.43,1436.18
             710.03,1436.18 712.46,1432.13 717.32,1432.13
             719.22,1431.86 721.11,1433.48 723.27,1433.75
             729.49,1434.29 736.51,1433.21 743.00,1434.56
             750.29,1436.18 751.92,1445.37 758.13,1445.10
             769.21,1444.56 761.10,1444.02 765.70,1440.77
             770.83,1437.26 779.75,1441.58 784.62,1436.45
             788.94,1431.86 780.02,1432.13 791.64,1431.05
             795.43,1430.78 792.99,1434.02 795.16,1435.37
             797.32,1436.18 799.75,1435.64 801.91,1436.18
             802.18,1436.18 802.18,1436.72 802.45,1436.72
             803.26,1437.53 804.07,1438.61 805.16,1438.61
             817.59,1439.96 806.78,1437.26 812.99,1431.86
             815.97,1429.43 830.56,1439.96 833.53,1440.77
             835.96,1441.31 840.02,1436.99 842.18,1437.53
             847.04,1438.88 850.56,1438.88 853.26,1438.34 Z" />
</svg>
