<?xml version="1.0" encoding="UTF-8" standalone="no"?>
<!DOCTYPE svg PUBLIC "-//W3C//DTD SVG 20010904//EN"
              "http://www.w3.org/TR/2001/REC-SVG-20010904/DTD/svg10.dtd">

<svg xmlns="http://www.w3.org/2000/svg"
     width="22.2222in" height="16.6667in"
     viewBox="0 0 2000 1500">
  <path id="be"
        fill="none" stroke="black" stroke-width="1"
        d="M 796.24,991.33
           C 795.43,991.06 794.62,990.79 793.81,990.79
             791.91,990.52 790.02,992.41 788.40,991.60
             787.05,991.06 788.13,988.63 787.32,987.55
             786.78,986.74 785.43,987.28 784.62,986.74
             784.35,986.47 785.70,985.93 785.70,985.66
             785.43,985.12 785.16,984.58 784.62,984.31
             784.08,984.04 783.27,985.12 783.00,984.85
             781.91,984.04 781.64,982.42 780.56,981.61
             778.67,980.80 775.97,981.61 774.89,979.99
             773.81,978.91 775.97,977.29 775.97,975.93
             775.70,974.85 774.08,974.58 774.08,973.50
             774.08,972.15 775.16,971.07 775.43,969.99
             775.70,969.18 777.05,968.37 776.51,967.83
             774.62,966.21 773.00,971.07 771.10,972.69
             767.32,976.21 758.40,974.04 759.21,972.42
             760.02,971.07 761.38,970.26 761.38,968.91
             761.38,968.10 759.21,968.10 759.48,967.02
             759.48,965.40 761.65,964.05 761.65,962.43
             761.10,957.84 750.02,960.54 749.48,958.38
             749.21,957.30 750.02,955.95 749.75,954.87
             748.94,950.55 743.00,954.87 741.38,951.09
             740.30,948.93 741.92,942.71 738.40,941.36
             736.78,940.55 735.43,944.33 733.27,944.33
             727.32,944.33 727.05,934.07 726.51,930.29
             726.78,930.02 726.78,930.02 726.78,930.02
             731.65,928.67 739.21,922.73 745.43,920.83
             745.43,920.83 745.97,921.92 745.97,921.92
             745.43,928.94 751.11,924.35 755.16,926.24
             755.70,926.51 754.62,927.59 755.16,928.13
             758.40,930.29 761.10,926.51 763.27,924.62
             764.89,925.97 766.51,927.05 767.05,926.78
             767.86,926.24 767.59,925.16 767.05,924.08
             767.86,924.35 768.40,924.62 769.21,924.35
             771.10,924.35 765.97,918.13 772.46,920.02
             773.00,920.02 771.91,921.38 772.19,921.65
             775.43,924.35 776.24,917.86 778.67,919.75
             779.48,920.56 776.51,922.19 777.32,922.73
             783.54,925.97 778.13,921.92 783.00,920.83
             783.81,920.56 785.16,928.40 787.05,928.67
             791.37,929.48 797.05,929.21 800.56,933.80
             800.83,934.34 799.48,934.88 799.21,935.42
             798.67,937.04 797.32,938.39 797.05,940.01
             797.05,940.55 798.40,940.28 798.13,940.82
             797.86,941.63 796.51,941.90 796.24,942.98
             794.35,949.74 798.94,947.84 803.26,948.11
             803.26,948.11 803.53,948.11 803.53,948.11
             804.62,950.01 806.24,952.98 806.51,952.98
             807.05,953.52 808.67,952.44 808.67,953.25
             808.94,954.33 806.78,955.41 807.05,956.49
             807.59,958.11 810.02,957.84 810.83,959.19
             813.80,964.05 806.51,964.86 804.62,969.99
             801.64,964.86 796.24,974.85 795.16,977.83
             794.35,980.26 802.45,990.79 796.51,990.25
             796.51,990.25 796.24,991.33 796.24,991.33 Z" />
</svg>
