<?xml version="1.0" encoding="UTF-8" standalone="no"?>
<!DOCTYPE svg PUBLIC "-//W3C//DTD SVG 20010904//EN"
              "http://www.w3.org/TR/2001/REC-SVG-20010904/DTD/svg10.dtd">

<svg xmlns="http://www.w3.org/2000/svg"
     width="22.2222in" height="16.6667in"
     viewBox="0 0 2000 1500">
  <path id="it"
        fill="none" stroke="black" stroke-width="1"
        d="M 1051.08,1386.48
           C 1047.57,1388.38 1035.95,1416.47 1038.65,1420.25
             1039.73,1421.87 1045.14,1421.87 1043.52,1422.95
             1042.17,1423.76 1042.44,1421.06 1041.62,1422.95
             1041.62,1423.49 1041.08,1424.03 1041.35,1424.84
             1041.89,1427.00 1045.14,1428.08 1045.95,1430.24
             1046.22,1430.78 1045.14,1430.51 1044.60,1431.05
             1043.25,1431.86 1041.89,1432.67 1041.08,1434.02
             1040.27,1435.37 1040.00,1436.99 1039.73,1438.34
             1039.46,1439.96 1040.54,1442.13 1039.73,1443.48
             1039.19,1444.29 1038.38,1440.77 1033.25,1441.04
             1027.57,1441.58 1030.00,1443.48 1022.44,1439.96
             1019.19,1438.61 1018.38,1432.67 1014.87,1430.51
             1010.01,1427.54 1005.68,1430.51 1000.28,1428.35
             999.47,1428.08 998.65,1427.81 997.84,1427.27
             996.76,1426.46 996.22,1424.57 994.87,1424.03
             993.79,1423.22 992.44,1424.03 991.09,1423.49
             985.68,1421.60 981.90,1416.47 975.95,1414.85
             973.52,1414.30 970.82,1416.74 968.39,1415.66
             967.85,1415.39 961.36,1408.36 961.63,1407.28
             961.63,1406.20 963.25,1405.66 963.25,1404.85
             963.52,1404.04 962.44,1403.77 962.44,1402.96
             962.44,1401.88 962.98,1400.53 963.79,1399.45
             964.60,1398.37 966.22,1398.10 967.31,1397.02
             968.66,1395.94 970.01,1391.89 971.09,1393.24
             971.63,1394.05 972.44,1399.45 974.87,1399.18
             984.06,1397.83 974.87,1391.08 986.49,1391.62
             989.47,1391.62 987.03,1394.86 988.66,1395.67
             989.74,1396.21 991.36,1394.86 992.71,1395.40
             993.52,1395.67 993.25,1397.29 993.79,1397.56
             995.41,1398.64 997.57,1399.72 999.47,1399.72
             999.74,1399.72 1006.49,1396.48 1006.49,1396.48
             1008.65,1396.21 1013.25,1397.83 1016.49,1397.02
             1023.25,1395.67 1022.98,1392.97 1026.49,1391.08
             1034.60,1386.75 1028.65,1392.70 1036.49,1392.16
             1041.89,1391.89 1038.11,1388.92 1040.27,1386.75
             1041.08,1385.94 1041.08,1389.19 1041.89,1388.92
             1046.76,1387.84 1046.76,1383.51 1051.08,1386.48M 872.72,1286.82
           C 873.53,1290.60 885.42,1289.79 883.80,1295.73
             883.53,1297.35 878.93,1296.81 879.47,1298.70
             880.01,1300.59 883.80,1300.05 885.15,1301.67
             885.69,1302.21 883.80,1302.48 883.80,1303.29
             885.42,1313.02 887.85,1299.24 888.39,1312.21
             888.66,1316.80 883.80,1318.42 882.45,1322.20
             881.10,1325.71 885.15,1325.71 885.69,1328.68
             885.69,1329.76 884.34,1330.84 884.34,1332.19
             883.53,1341.11 884.61,1353.53 879.47,1362.45
             879.20,1362.99 879.47,1361.64 878.93,1361.37
             875.15,1360.02 870.29,1356.23 865.69,1356.50
             864.88,1356.50 867.58,1357.58 867.58,1358.39
             867.31,1359.47 865.96,1360.02 865.69,1361.37
             864.07,1367.58 868.39,1366.50 860.83,1370.01
             850.29,1374.87 856.77,1364.88 851.64,1362.72
             850.29,1362.18 848.94,1364.34 847.31,1364.34
             846.23,1364.34 850.56,1364.07 850.83,1362.72
             850.83,1360.83 848.13,1359.74 847.58,1358.12
             845.96,1352.72 849.75,1349.21 850.56,1344.62
             850.83,1342.73 849.75,1341.11 850.29,1339.22
             850.56,1337.60 853.53,1336.79 852.99,1335.17
             852.72,1333.82 849.75,1335.17 848.94,1334.09
             848.13,1332.74 849.48,1331.11 849.48,1329.76
             849.48,1329.49 848.40,1329.49 848.67,1329.22
             849.21,1328.41 850.83,1328.68 851.37,1327.60
             852.45,1324.90 848.40,1311.67 846.77,1309.78
             843.53,1306.27 841.37,1317.88 842.18,1304.37
             842.45,1302.48 844.34,1301.13 844.61,1299.24
             844.88,1298.16 843.53,1297.08 844.34,1296.27
             844.61,1296.00 846.50,1301.67 851.37,1301.67
             855.42,1301.94 870.29,1289.79 872.72,1286.82M 983.90,1097.97
           C 983.36,1103.37 976.76,1102.07 976.22,1106.39
             975.68,1109.63 981.90,1109.09 983.25,1110.17
             985.14,1111.79 980.01,1113.96 979.20,1116.39
             978.12,1119.90 982.44,1116.12 982.98,1117.47
             983.52,1118.82 980.55,1122.33 982.44,1123.41
             985.14,1125.03 995.95,1131.51 986.49,1130.97
             987.03,1129.62 987.03,1128.54 985.95,1127.19
             980.82,1122.33 981.09,1124.49 978.12,1128.27
             978.39,1128.00 978.39,1127.73 978.39,1127.73
             978.39,1125.03 973.25,1124.49 970.82,1125.57
             969.47,1126.38 970.82,1129.35 969.74,1130.43
             968.66,1131.51 966.77,1130.70 965.14,1131.24
             961.36,1132.86 957.85,1137.18 953.52,1137.99
             952.17,1138.26 950.82,1136.91 949.74,1137.72
             948.66,1137.99 949.74,1139.61 949.20,1140.70
             948.93,1141.51 948.12,1142.59 947.58,1143.40
             947.85,1143.13 947.85,1142.86 948.12,1142.86
             949.47,1142.86 948.39,1145.83 949.47,1146.37
             950.01,1146.64 950.28,1144.75 950.82,1145.29
             951.36,1146.37 952.44,1148.53 951.36,1149.34
             950.82,1149.61 950.55,1150.15 950.82,1150.69
             951.09,1150.96 951.63,1150.42 952.17,1150.42
             953.79,1151.77 956.50,1152.58 956.77,1154.47
             958.39,1162.03 951.90,1159.06 950.01,1163.65
             949.47,1165.00 952.98,1179.59 953.79,1181.21
             955.41,1183.91 974.33,1197.42 978.12,1199.58
             981.90,1201.74 982.98,1200.39 986.49,1203.36
             990.28,1206.60 995.41,1227.94 998.38,1233.34
             1001.36,1239.01 1007.57,1244.14 1012.44,1247.92
             1014.06,1249.00 1016.49,1249.27 1017.84,1250.63
             1018.65,1251.17 1017.84,1252.79 1018.38,1253.33
             1025.68,1260.89 1039.46,1258.46 1048.11,1257.11
             1050.00,1256.84 1054.06,1253.87 1056.49,1256.57
             1063.24,1264.13 1042.98,1266.83 1053.25,1273.85
             1062.97,1280.34 1076.49,1279.80 1086.49,1284.93
             1090.00,1286.82 1091.35,1289.79 1095.40,1291.14
             1098.65,1292.49 1107.57,1293.84 1110.27,1296.00
             1111.35,1296.81 1110.27,1298.70 1111.08,1299.51
             1114.32,1304.10 1122.97,1303.29 1125.67,1312.75
             1126.75,1316.26 1124.32,1315.18 1123.51,1317.61
             1122.97,1318.96 1123.78,1324.36 1122.70,1324.90
             1121.62,1325.71 1119.73,1324.90 1118.11,1324.09
             1109.73,1320.85 1113.24,1315.99 1108.92,1310.32
             1106.48,1307.08 1098.65,1310.32 1094.59,1308.97
             1089.19,1307.08 1086.22,1300.86 1081.08,1306.27
             1080.54,1307.08 1073.78,1320.58 1073.78,1321.12
             1073.78,1321.93 1075.14,1322.74 1074.87,1323.82
             1073.78,1328.95 1068.38,1328.68 1072.97,1334.63
             1075.68,1337.87 1076.49,1334.90 1079.46,1335.71
             1082.70,1336.79 1084.86,1340.03 1087.84,1341.38
             1088.92,1341.92 1090.54,1341.38 1091.08,1342.46
             1091.62,1343.27 1090.00,1344.35 1090.00,1345.43
             1090.27,1352.99 1093.78,1345.97 1093.24,1355.69
             1092.97,1361.37 1082.16,1359.20 1077.30,1364.88
             1073.78,1368.93 1078.38,1372.98 1077.30,1377.84
             1076.49,1381.89 1073.78,1380.81 1071.08,1382.97
             1064.60,1388.65 1069.19,1401.61 1055.68,1397.83
             1052.98,1397.02 1050.00,1390.00 1051.62,1387.02
             1052.70,1385.40 1055.41,1385.67 1056.76,1384.32
             1057.57,1383.24 1057.57,1381.62 1057.84,1380.27
             1058.11,1378.92 1059.19,1377.84 1058.92,1376.49
             1058.65,1374.87 1055.95,1374.06 1056.22,1372.44
             1057.30,1367.58 1063.79,1370.28 1065.68,1367.58
             1070.27,1362.18 1064.87,1361.37 1062.70,1358.39
             1060.54,1355.15 1061.62,1350.56 1060.00,1347.05
             1059.19,1344.89 1058.11,1343.00 1056.76,1341.38
             1056.49,1340.84 1055.41,1340.84 1054.87,1340.30
             1050.00,1333.01 1055.14,1337.33 1051.89,1329.22
             1047.84,1318.96 1045.41,1324.09 1037.30,1324.63
             1037.03,1324.63 1037.57,1323.82 1037.30,1323.28
             1036.22,1322.20 1034.87,1320.85 1033.25,1320.04
             1031.63,1319.23 1028.38,1320.04 1027.30,1318.15
             1026.22,1316.26 1029.46,1314.37 1029.19,1312.21
             1028.92,1310.05 1027.30,1308.16 1026.22,1306.54
             1019.73,1297.62 1018.65,1310.05 1011.09,1307.35
             1010.28,1307.08 1016.22,1302.75 1013.52,1300.86
             1003.79,1293.84 1013.25,1301.13 1002.71,1299.78
             1001.90,1299.51 1002.71,1298.16 1002.44,1297.35
             1001.36,1294.11 995.68,1285.47 992.98,1284.39
             985.68,1281.69 991.36,1286.82 988.93,1286.28
             986.49,1285.74 984.33,1282.77 981.63,1283.04
             979.20,1283.58 977.30,1286.82 975.14,1286.28
             972.71,1285.74 972.98,1282.23 971.36,1280.61
             969.47,1278.99 964.60,1279.53 962.98,1278.45
             962.98,1278.45 958.93,1272.77 958.93,1272.77
             957.04,1271.15 954.06,1270.88 952.44,1268.99
             949.20,1264.13 952.98,1264.94 949.20,1261.97
             947.58,1260.62 945.69,1259.54 943.79,1258.46
             943.25,1258.19 942.17,1259.00 941.63,1258.73
             938.66,1256.30 938.66,1251.71 935.69,1249.27
             930.55,1244.95 927.31,1248.19 921.90,1246.03
             921.09,1245.76 923.25,1244.95 923.80,1244.41
             925.42,1242.25 922.17,1238.74 921.36,1237.93
             920.82,1237.39 919.74,1237.93 919.20,1237.39
             918.39,1236.31 918.39,1234.69 917.31,1233.88
             915.96,1232.80 913.26,1233.61 912.17,1231.99
             911.36,1230.91 913.80,1228.75 912.44,1227.94
             910.82,1226.59 908.12,1228.21 905.96,1227.40
             904.61,1226.86 906.77,1224.43 906.77,1222.81
             907.58,1217.40 906.77,1215.51 903.80,1210.92
             898.12,1202.82 902.18,1195.53 895.42,1189.31
             894.88,1188.50 893.80,1188.23 892.99,1187.96
             892.72,1187.96 892.45,1188.77 892.18,1188.50
             890.83,1187.96 890.01,1186.34 888.66,1186.34
             887.85,1186.34 889.47,1188.77 888.66,1188.50
             886.50,1187.96 884.88,1186.34 882.99,1184.99
             882.18,1184.45 875.42,1177.43 873.26,1177.43
             872.72,1177.43 873.53,1178.78 872.99,1179.05
             872.45,1179.32 871.64,1179.05 871.37,1178.51
             870.02,1176.89 864.34,1174.19 861.64,1174.19
             860.56,1174.19 853.53,1178.24 852.99,1179.32
             852.45,1180.40 853.26,1182.02 852.45,1182.83
             851.64,1183.91 849.48,1183.64 848.67,1184.45
             846.77,1186.34 845.42,1190.66 843.26,1192.55
             839.75,1196.07 833.53,1195.80 829.48,1196.34
             828.13,1191.47 837.32,1185.26 833.26,1182.29
             831.91,1181.48 830.02,1182.56 828.40,1182.83
             826.78,1182.83 824.88,1183.64 823.26,1183.10
             820.29,1182.29 813.26,1177.16 813.53,1173.38
             813.53,1172.84 814.88,1172.84 814.88,1172.30
             814.61,1171.49 811.91,1170.68 812.72,1169.06
             813.80,1167.98 815.15,1167.16 815.97,1165.81
             816.24,1165.54 815.43,1165.00 815.70,1164.46
             815.97,1163.65 818.40,1165.00 818.67,1164.19
             818.67,1162.03 818.40,1159.87 817.59,1158.25
             816.24,1156.09 807.32,1152.58 807.86,1148.26
             807.86,1146.91 810.29,1146.91 811.64,1146.64
             812.45,1146.64 812.99,1148.26 813.80,1147.99
             815.15,1147.72 823.80,1140.70 822.45,1138.26
             821.64,1136.64 818.94,1136.37 818.13,1134.48
             817.32,1133.40 818.40,1131.51 817.86,1130.43
             814.07,1123.95 807.05,1127.19 819.48,1119.90
             822.18,1124.76 829.48,1119.36 832.99,1118.55
             835.42,1118.01 837.32,1121.25 839.75,1121.25
             840.02,1121.25 847.58,1113.42 847.58,1112.06
             847.86,1110.71 845.42,1110.17 845.69,1109.09
             846.23,1107.47 848.40,1106.93 849.75,1105.85
             851.10,1104.77 852.18,1103.69 853.53,1102.61
             854.07,1102.34 854.61,1101.80 854.88,1102.07
             855.42,1103.69 855.15,1105.31 855.15,1106.93
             855.15,1107.74 854.34,1108.82 854.61,1109.90
             856.50,1113.42 860.83,1114.23 863.80,1115.31
             864.07,1115.31 864.61,1115.85 864.61,1116.39
             864.34,1117.47 862.45,1118.28 862.72,1119.36
             862.99,1120.44 864.88,1119.90 865.69,1120.71
             866.77,1122.06 867.31,1126.65 868.93,1125.30
             873.53,1121.79 868.12,1122.87 868.12,1120.17
             868.12,1114.23 874.61,1112.60 875.69,1107.74
             875.69,1107.20 872.72,1099.91 877.31,1100.72
             880.83,1101.26 876.50,1106.66 883.53,1108.28
             887.85,1109.63 884.34,1104.23 891.64,1105.58
             893.80,1105.85 892.72,1110.17 894.61,1111.25
             895.69,1111.79 897.85,1110.71 897.58,1109.63
             897.04,1108.82 895.96,1108.28 895.69,1107.20
             895.69,1106.12 897.31,1105.31 897.04,1104.23
             896.50,1102.88 891.64,1099.91 895.42,1097.21
             900.28,1093.70 898.39,1101.53 904.07,1100.18
             907.31,1099.10 902.18,1095.32 902.18,1094.78
             902.72,1093.70 903.53,1092.89 903.80,1091.81
             904.34,1090.73 904.07,1089.38 904.34,1088.30
             904.34,1088.30 904.34,1088.30 904.34,1088.30
             908.66,1090.46 904.88,1087.76 909.20,1088.30
             911.36,1088.57 913.53,1094.24 917.85,1091.81
             917.85,1091.81 921.36,1084.51 921.36,1084.51
             923.53,1082.89 932.98,1083.97 935.42,1083.70
             939.47,1083.43 942.71,1079.92 946.77,1079.92
             947.85,1079.92 944.87,1081.27 944.60,1082.35
             943.25,1088.03 946.77,1084.24 948.93,1087.49
             949.47,1088.30 948.12,1089.38 948.66,1090.46
             948.93,1091.00 949.74,1089.92 950.28,1090.46
             955.41,1094.24 956.77,1094.78 963.79,1095.86
             970.55,1096.67 977.15,1097.41 983.90,1097.95M 954.60,1191.74
           C 955.14,1190.93 955.14,1189.85 955.96,1189.31
             958.12,1187.15 957.58,1195.53 954.60,1191.74 Z" />
</svg>
