<?xml version="1.0" encoding="UTF-8" standalone="no"?>
<!DOCTYPE svg PUBLIC "-//W3C//DTD SVG 20010904//EN"
              "http://www.w3.org/TR/2001/REC-SVG-20010904/DTD/svg10.dtd">

<svg xmlns="http://www.w3.org/2000/svg"
     width="22.2222in" height="16.6667in"
     viewBox="0 0 2000 1500">
  <path id="by"
        fill="none" stroke="black" stroke-width="1"
        d="M 1191.61,894.10
           C 1194.86,893.28 1188.37,890.85 1192.69,889.50
             1194.05,888.96 1195.94,888.96 1197.56,889.23
             1198.10,889.23 1198.10,890.58 1198.91,890.85
             1201.61,891.66 1205.40,878.97 1206.48,878.16
             1208.64,877.08 1211.34,877.62 1213.50,876.81
             1216.75,875.46 1219.18,872.76 1222.69,871.68
             1224.04,871.41 1225.39,871.95 1226.75,871.95
             1228.10,871.95 1229.45,871.95 1230.80,871.95
             1234.85,871.41 1238.64,868.98 1242.42,869.25
             1243.23,869.25 1243.50,870.33 1244.31,870.60
             1251.07,871.41 1259.45,870.60 1265.66,868.98
             1268.63,868.17 1266.47,870.87 1268.09,872.22
             1268.63,872.49 1269.72,871.14 1270.26,871.68
             1270.80,872.22 1269.18,873.84 1269.99,874.11
             1276.74,876.81 1271.88,872.49 1275.12,871.68
             1285.93,868.71 1276.20,873.30 1279.72,875.19
             1280.26,875.73 1281.07,876.54 1281.34,876.00
             1282.69,875.19 1281.34,870.33 1282.69,870.33
             1284.04,870.06 1286.47,872.49 1288.09,870.60
             1289.17,869.52 1289.17,865.46 1290.80,866.27
             1293.23,867.90 1287.28,870.33 1294.04,870.33
             1296.47,870.33 1295.12,864.92 1298.90,867.63
             1305.93,872.49 1297.55,870.87 1303.23,872.22
             1304.85,872.49 1302.69,868.44 1303.77,867.09
             1305.39,864.92 1307.82,861.14 1309.98,862.22
             1312.15,863.30 1314.31,870.87 1316.47,870.33
             1320.25,869.25 1317.82,864.65 1322.14,863.57
             1323.77,863.30 1325.12,865.19 1326.47,864.92
             1335.39,863.30 1320.52,860.33 1332.95,861.14
             1339.17,861.68 1335.93,868.44 1342.95,866.82
             1349.71,865.46 1338.90,858.17 1338.90,855.20
             1338.90,853.04 1339.44,847.91 1339.71,846.02
             1341.06,838.45 1342.95,835.75 1344.03,835.48
             1345.93,834.94 1348.09,835.75 1349.71,834.94
             1350.79,834.40 1350.25,832.51 1351.33,831.97
             1353.76,830.35 1357.28,830.62 1360.25,829.81
             1359.44,829.27 1359.98,828.19 1359.44,827.38
             1359.44,827.38 1353.76,823.87 1353.76,823.60
             1353.49,823.06 1354.57,822.25 1354.30,821.71
             1353.49,819.82 1351.60,818.74 1351.33,817.12
             1351.06,816.31 1352.68,816.04 1352.68,815.23
             1352.14,813.34 1348.36,813.34 1348.09,811.17
             1347.82,810.36 1349.44,810.09 1349.71,809.28
             1350.52,806.04 1340.79,804.15 1339.98,801.99
             1338.90,799.83 1340.79,797.13 1340.52,794.70
             1340.52,790.38 1353.49,796.05 1357.01,793.89
             1359.44,792.54 1362.14,787.41 1361.87,784.71
             1361.87,784.44 1360.79,784.71 1361.06,784.44
             1362.41,783.08 1364.84,782.54 1365.65,780.92
             1366.47,779.84 1365.65,777.41 1364.57,776.87
             1359.98,775.25 1359.44,777.14 1357.01,774.44
             1356.20,773.36 1358.90,769.58 1355.93,769.85
             1352.68,770.12 1351.06,769.04 1346.47,770.39
             1344.85,770.93 1343.22,772.55 1341.60,772.01
             1340.25,771.47 1342.68,763.91 1340.25,762.29
             1339.44,761.75 1331.06,761.75 1328.36,759.86
             1324.04,757.16 1326.74,754.45 1320.52,752.56
             1319.44,752.02 1322.14,747.43 1321.06,747.16
             1317.28,747.16 1315.93,746.89 1311.60,743.92
             1309.71,742.84 1313.23,737.17 1312.69,736.09
             1311.06,733.66 1314.85,735.55 1313.77,733.93
             1312.96,732.58 1306.47,727.44 1306.74,726.09
             1307.82,722.31 1308.36,719.61 1306.20,715.83
             1305.66,714.75 1304.04,716.91 1302.96,716.91
             1302.69,716.91 1294.04,711.51 1294.04,711.51
             1287.28,708.81 1292.15,710.97 1288.36,712.59
             1287.82,712.86 1284.58,712.32 1283.77,713.13
             1282.42,715.02 1280.26,720.15 1278.09,721.23
             1273.77,723.39 1274.04,712.32 1274.04,712.32
             1265.66,710.43 1267.28,711.51 1261.61,715.83
             1260.26,716.91 1259.18,713.13 1257.82,712.05
             1253.23,708.81 1254.58,717.72 1247.83,712.32
             1247.83,712.59 1242.69,716.64 1242.15,718.26
             1241.61,719.07 1240.26,727.17 1240.26,727.17
             1238.91,728.25 1236.75,726.63 1235.12,727.17
             1234.58,727.44 1235.12,729.34 1234.31,729.34
             1233.23,729.34 1232.42,727.71 1231.07,727.71
             1227.56,727.44 1227.02,735.28 1222.42,736.36
             1222.42,736.36 1222.42,736.63 1222.42,736.63
             1224.04,740.68 1222.15,744.19 1221.88,748.24
             1221.61,750.67 1230.53,745.81 1229.45,749.59
             1229.18,750.40 1227.83,750.40 1227.29,751.21
             1227.02,752.29 1228.10,753.91 1227.29,754.99
             1225.66,756.89 1221.61,754.18 1220.26,756.07
             1219.18,757.97 1220.53,760.67 1219.18,762.29
             1214.04,770.39 1216.48,759.86 1213.23,769.85
             1213.23,770.39 1212.15,770.39 1212.15,770.66
             1212.15,770.66 1214.58,778.22 1214.58,778.22
             1214.58,778.49 1211.88,786.06 1212.15,787.14
             1212.15,788.22 1220.53,786.60 1218.10,792.54
             1217.56,793.89 1212.15,795.78 1212.42,793.35
             1212.42,792.54 1213.77,792.00 1213.50,791.19
             1212.96,787.68 1206.75,790.65 1205.94,791.73
             1202.96,794.70 1208.91,794.43 1204.59,796.86
             1202.69,797.67 1199.99,797.13 1198.64,798.75
             1197.56,799.83 1201.34,802.80 1199.99,803.34
             1198.64,803.61 1197.02,802.80 1195.67,803.61
             1194.05,804.69 1193.78,807.39 1192.15,808.47
             1189.72,810.63 1188.64,805.77 1186.48,806.58
             1184.32,807.66 1176.48,811.99 1173.24,809.82
             1178.10,823.60 1189.99,836.29 1190.80,851.15
             1190.80,851.69 1190.26,852.23 1189.99,852.50
             1188.10,854.39 1171.07,868.71 1178.91,871.68
             1179.45,871.95 1179.99,870.60 1180.53,870.87
             1182.97,871.14 1185.67,871.95 1187.83,873.57
             1193.23,877.89 1187.56,887.07 1189.72,891.93
             1189.99,892.74 1190.80,893.55 1191.34,894.37
             1191.34,894.37 1191.61,894.10 1191.61,894.10 Z" />
</svg>
