<?xml version="1.0" encoding="UTF-8" standalone="no"?>
<!DOCTYPE svg PUBLIC "-//W3C//DTD SVG 20010904//EN"
              "http://www.w3.org/TR/2001/REC-SVG-20010904/DTD/svg10.dtd">

<svg xmlns="http://www.w3.org/2000/svg"
     width="22.2222in" height="16.6667in"
     viewBox="0 0 2000 1500">
  <path id="pl"
        fill="none" stroke="black" stroke-width="1"
        d="M 982.17,842.78
           C 982.71,847.10 987.03,855.47 987.57,858.17
             988.39,864.65 979.74,868.98 981.63,874.11
             982.71,877.35 992.98,878.70 992.98,882.75
             992.98,886.80 989.74,888.15 992.17,891.12
             992.98,892.47 994.87,893.01 995.41,894.64
             996.22,895.99 995.14,897.88 995.41,899.23
             995.68,900.04 996.76,899.77 997.03,900.31
             998.38,902.20 995.14,906.79 994.33,908.41
             992.71,910.84 996.76,912.19 997.57,914.62
             998.11,915.97 996.22,917.59 997.03,918.67
             998.11,920.29 1000.55,919.75 1001.63,920.83
             1004.87,923.81 1004.24,937.58 1002.08,942.71M 1002.08,942.71
           C 1009.37,941.63 1000.82,935.69 1008.38,937.04
             1013.25,937.58 1009.19,939.74 1012.17,941.90
             1016.49,945.41 1020.00,942.98 1023.52,945.14
             1024.60,945.95 1024.33,947.30 1024.87,948.11
             1025.41,948.38 1025.68,947.57 1025.95,947.57
             1026.76,947.30 1027.57,946.76 1027.84,947.30
             1028.65,948.11 1027.84,949.47 1028.65,950.28
             1028.65,950.28 1034.60,947.03 1035.95,947.84
             1043.25,951.36 1032.98,952.71 1033.52,956.22
             1033.52,956.22 1039.73,960.00 1039.73,960.00
             1040.54,961.08 1042.17,968.10 1046.22,966.48
             1047.30,965.94 1047.03,964.05 1047.84,963.24
             1049.19,962.16 1051.89,962.70 1052.70,961.08
             1052.98,960.54 1047.03,954.60 1048.65,954.33
             1052.70,953.79 1057.30,957.84 1059.73,958.65
             1060.81,958.92 1062.16,958.38 1063.24,958.38
             1064.33,958.38 1065.68,958.92 1066.76,958.38
             1067.30,958.11 1067.03,957.03 1067.30,956.49
             1067.57,956.22 1068.11,956.22 1068.11,956.49
             1071.35,962.97 1069.19,958.92 1065.68,962.16
             1064.60,962.97 1068.38,963.24 1069.46,964.05
             1070.27,964.86 1070.00,966.21 1070.81,967.02
             1071.35,967.56 1072.16,967.83 1072.70,967.83
             1080.54,967.02 1071.62,966.48 1076.22,964.59
             1076.76,964.32 1076.76,965.40 1077.30,965.67
             1078.38,966.48 1081.35,967.29 1082.70,967.56
             1084.32,968.10 1086.76,967.29 1088.11,968.37
             1088.38,968.64 1090.81,975.12 1091.08,975.39
             1092.16,976.21 1094.32,975.39 1095.40,976.48
             1096.49,977.83 1095.67,980.26 1096.76,981.61
             1097.30,982.42 1099.19,981.07 1100.00,981.88
             1100.81,982.69 1099.46,984.58 1100.27,985.39
             1104.59,988.90 1108.11,975.12 1110.81,977.02
             1112.43,978.10 1112.43,980.53 1113.78,981.88
             1114.05,982.15 1115.13,981.34 1115.40,981.61
             1115.67,982.15 1114.59,983.23 1115.13,983.50
             1116.48,983.77 1117.84,982.42 1118.92,982.96
             1120.81,983.77 1119.19,988.90 1119.19,989.44
             1119.19,990.79 1121.62,988.63 1122.97,988.36
             1124.05,988.09 1125.13,990.25 1126.21,989.71
             1126.48,989.44 1129.73,981.07 1133.51,980.26
             1134.59,979.99 1135.67,981.07 1136.75,981.07
             1137.83,980.80 1138.37,979.18 1139.46,979.45
             1141.62,979.72 1142.97,982.69 1145.13,982.69
             1146.75,982.69 1148.10,981.07 1148.91,979.72
             1149.18,979.18 1147.56,979.18 1147.56,978.64
             1148.37,974.85 1150.00,978.64 1151.08,978.10
             1151.89,977.83 1151.89,976.21 1152.70,976.21
             1156.75,975.12 1165.94,975.39 1169.45,978.10
             1170.26,978.91 1169.99,980.80 1171.07,981.34
             1172.70,982.42 1174.59,982.42 1176.48,982.96
             1179.99,984.04 1183.24,984.31 1186.48,984.85
             1187.83,984.85 1189.18,984.31 1190.53,984.58
             1191.07,984.85 1192.15,986.20 1191.88,985.66
             1188.64,975.39 1191.34,986.20 1186.75,980.53
             1185.67,979.45 1187.83,977.56 1187.56,976.21
             1186.75,973.50 1184.05,971.34 1183.51,968.37
             1182.70,966.21 1199.18,935.69 1201.34,933.80
             1206.21,929.75 1209.18,935.69 1209.99,925.97
             1209.99,923.81 1204.59,918.94 1204.32,918.67
             1202.96,915.97 1209.18,916.24 1208.37,915.43
             1204.04,912.19 1196.21,907.06 1193.78,901.93
             1193.23,900.58 1194.32,898.69 1193.78,897.07
             1192.96,895.18 1190.53,893.83 1189.72,891.93
             1187.56,887.07 1193.23,877.89 1187.83,873.57
             1185.67,871.95 1182.97,871.14 1180.53,870.87
             1179.99,870.60 1179.45,871.95 1178.91,871.68
             1171.07,868.71 1188.10,854.39 1189.99,852.50
             1190.26,852.23 1190.80,851.69 1190.80,851.15
             1189.99,836.29 1178.10,823.60 1173.24,809.82
             1171.61,808.74 1173.24,805.77 1171.61,803.61
             1166.75,796.59 1169.72,802.53 1162.16,799.29
             1159.45,798.21 1161.35,794.70 1157.29,796.05
             1156.48,796.32 1156.48,797.67 1155.67,798.21
             1143.24,805.50 1106.75,806.85 1091.35,804.69
             1086.49,809.82 1078.92,812.80 1072.70,810.36
             1067.30,808.20 1068.38,803.07 1066.76,799.83
             1066.22,799.02 1064.33,796.86 1065.41,797.13
             1066.22,797.13 1067.03,797.13 1067.57,797.40
             1066.22,796.59 1064.60,795.78 1062.97,795.51
             1053.25,793.89 1042.44,802.53 1035.14,806.85
             1032.71,808.20 1029.73,807.66 1027.84,809.28
             1023.25,813.34 1022.17,819.82 1020.82,820.09
             1010.82,822.52 1001.36,826.84 991.90,830.62
             989.47,831.70 987.84,834.67 985.41,835.21
             984.06,835.75 982.71,834.40 981.36,834.94
             978.93,836.29 984.60,842.24 982.17,842.78M 1071.08,799.29
           C 1072.16,799.83 1073.24,800.37 1074.05,801.45
             1074.32,801.72 1074.32,802.80 1073.78,802.53
             1071.89,801.18 1071.35,800.10 1071.08,799.29 Z" />
</svg>
