<?xml version="1.0" encoding="UTF-8" standalone="no"?>
<!DOCTYPE svg PUBLIC "-//W3C//DTD SVG 20010904//EN"
              "http://www.w3.org/TR/2001/REC-SVG-20010904/DTD/svg10.dtd">

<svg xmlns="http://www.w3.org/2000/svg"
     width="22.2222in" height="16.6667in"
     viewBox="0 0 2000 1500">
  <path id="jo"
        fill="none" stroke="black" stroke-width="1"
        d="M 1742.38,1497.50
           C 1734.28,1492.63 1721.03,1485.88 1717.52,1483.99
             1716.17,1483.18 1714.55,1482.37 1713.20,1481.56
             1711.85,1480.75 1709.41,1481.02 1709.41,1479.67
             1709.14,1478.86 1719.68,1472.11 1723.20,1469.40
             1731.84,1462.92 1767.52,1439.96 1766.98,1429.16
             1766.44,1419.71 1761.03,1430.78 1759.14,1429.97
             1756.98,1428.89 1755.63,1426.73 1755.09,1424.57
             1754.82,1423.49 1757.79,1424.03 1757.79,1422.95
             1757.79,1421.60 1742.38,1400.53 1739.95,1397.56
             1735.36,1403.23 1731.03,1409.17 1726.44,1414.85
             1722.11,1420.52 1699.14,1452.66 1696.17,1454.28
             1691.85,1456.71 1676.98,1456.44 1672.39,1455.09
             1672.12,1454.82 1666.71,1451.04 1666.44,1451.04
             1658.88,1448.61 1659.15,1459.14 1658.07,1451.58
             1658.07,1451.58 1657.25,1452.12 1657.25,1452.12
             1657.25,1452.12 1657.25,1452.39 1657.25,1452.39
             1657.25,1452.93 1656.71,1453.47 1656.71,1454.01
             1656.98,1454.28 1658.07,1454.28 1658.07,1454.82
             1658.07,1455.36 1656.44,1455.63 1656.44,1456.44
             1655.90,1461.30 1657.52,1460.22 1658.61,1463.73
             1658.88,1464.27 1658.88,1464.81 1658.61,1465.08
             1658.61,1465.08 1658.07,1465.89 1658.07,1465.89
             1658.07,1465.89 1658.61,1465.08 1658.61,1465.08
             1660.23,1471.84 1666.98,1489.66 1665.36,1495.87
             1665.36,1495.87 1665.36,1495.87 1665.36,1495.87
             1665.63,1496.41 1665.63,1496.95 1665.63,1497.50
             1665.63,1497.50 1742.38,1497.50 1742.38,1497.50 Z" />
</svg>
