<?xml version="1.0" encoding="UTF-8" standalone="no"?>
<!DOCTYPE svg PUBLIC "-//W3C//DTD SVG 20010904//EN"
              "http://www.w3.org/TR/2001/REC-SVG-20010904/DTD/svg10.dtd">

<svg xmlns="http://www.w3.org/2000/svg"
     width="22.2222in" height="16.6667in"
     viewBox="0 0 2000 1500">
  <path id="path15927"
        fill="none" stroke="black" stroke-width="1"
        d="M 10081.65,5689.15
           C 10081.65,5689.15 10150.05,5651.84 10174.92,5670.49
             10199.80,5689.15 10261.98,5639.40 10286.85,5633.18
             10311.72,5626.97 10404.99,5658.06 10429.86,5682.93
             10454.74,5707.80 10535.57,5689.15 10641.28,5670.49
             10746.98,5651.84 10834.04,5701.58 10890.00,5676.71
             10945.96,5651.84 11014.36,5726.46 11070.32,5726.46
             11126.29,5726.46 11281.74,5701.58 11381.23,5670.49
             11480.72,5639.40 11567.77,5583.44 11623.73,5583.44
             11623.73,5583.44 11914.88,6142.08 11914.88,6142.08
             11914.88,6142.08 10486.57,6312.83 10486.57,6312.83
             10486.57,6312.83 10075.43,5726.46 10075.43,5726.46
             10075.43,5726.46 10081.65,5689.15 10081.65,5689.15 Z" />
</svg>
