<?xml version="1.0" encoding="UTF-8" standalone="no"?>
<!DOCTYPE svg PUBLIC "-//W3C//DTD SVG 20010904//EN"
              "http://www.w3.org/TR/2001/REC-SVG-20010904/DTD/svg10.dtd">

<svg xmlns="http://www.w3.org/2000/svg"
     width="22.2222in" height="16.6667in"
     viewBox="0 0 2000 1500">
  <path id="gr"
        fill="none" stroke="black" stroke-width="1"
        d="M 1368.90,1442.94
           C 1365.92,1448.61 1371.33,1444.83 1368.36,1453.20
             1368.09,1454.01 1346.20,1458.87 1344.03,1459.68
             1342.41,1460.22 1327.28,1467.24 1325.66,1465.89
             1320.79,1460.49 1329.44,1461.03 1314.04,1459.14
             1298.36,1457.25 1317.82,1461.03 1304.58,1461.03
             1303.77,1461.03 1303.50,1459.68 1302.69,1459.68
             1301.06,1459.41 1299.17,1459.68 1297.28,1459.95
             1295.39,1460.49 1293.23,1461.57 1291.34,1461.84
             1287.28,1461.84 1288.90,1456.71 1289.17,1455.09
             1289.17,1452.93 1288.36,1450.50 1289.17,1448.61
             1292.15,1440.23 1294.85,1449.69 1296.74,1450.50
             1298.63,1451.31 1300.79,1450.23 1302.69,1449.42
             1304.04,1448.88 1304.85,1445.37 1305.93,1446.45
             1307.28,1447.53 1302.69,1448.61 1303.23,1449.96
             1303.50,1451.31 1305.93,1450.50 1307.28,1451.04
             1308.63,1451.58 1309.71,1453.47 1311.33,1453.74
             1312.69,1454.01 1313.77,1452.93 1315.12,1452.39
             1317.82,1451.58 1319.71,1449.42 1322.14,1448.61
             1325.12,1447.80 1328.09,1448.07 1331.06,1447.53
             1332.95,1446.99 1331.33,1449.15 1332.95,1449.42
             1335.93,1450.23 1338.90,1447.80 1342.14,1448.07
             1342.95,1448.07 1343.49,1449.69 1344.30,1449.42
             1345.66,1449.15 1350.52,1445.10 1352.95,1445.64
             1353.49,1445.91 1348.90,1451.58 1355.39,1453.47
             1356.74,1454.01 1356.74,1451.04 1357.82,1450.23
             1363.49,1444.56 1362.68,1451.85 1368.90,1442.94M 1313.77,1238.20
           C 1314.04,1238.20 1322.41,1235.50 1322.41,1235.50
             1328.36,1230.91 1311.33,1223.35 1321.87,1221.18
             1321.87,1221.18 1321.87,1221.18 1321.87,1221.18
             1321.87,1221.18 1321.87,1221.18 1321.87,1221.18
             1321.87,1221.18 1321.87,1221.18 1321.87,1221.18
             1321.87,1221.18 1321.87,1221.18 1322.14,1221.18
             1322.14,1221.18 1322.14,1221.18 1322.14,1221.18
             1322.14,1221.18 1322.14,1221.18 1322.14,1221.18
             1322.14,1221.18 1322.14,1221.18 1322.14,1221.18
             1322.14,1221.18 1322.14,1221.18 1322.14,1221.18
             1322.14,1221.18 1322.14,1221.18 1322.14,1221.18
             1322.14,1221.18 1322.96,1221.18 1322.96,1221.18
             1322.96,1221.18 1322.96,1221.18 1322.96,1221.18
             1323.23,1221.18 1323.23,1221.18 1323.23,1221.18
             1323.23,1221.18 1323.23,1221.18 1323.23,1221.18
             1323.23,1221.18 1323.50,1221.18 1323.50,1221.18
             1323.50,1221.18 1323.50,1221.18 1323.50,1221.18
             1323.50,1221.18 1323.50,1221.18 1323.50,1221.18
             1323.50,1221.18 1323.50,1221.18 1323.50,1221.18
             1324.04,1221.18 1324.58,1221.18 1324.85,1221.45
             1324.85,1221.45 1324.85,1221.45 1324.85,1221.45
             1325.12,1221.45 1325.39,1221.45 1325.39,1221.45
             1325.39,1221.45 1325.39,1221.45 1325.39,1221.45
             1331.33,1222.81 1339.44,1228.48 1335.39,1233.34
             1332.41,1236.58 1329.44,1234.96 1328.36,1240.36
             1328.36,1240.36 1330.52,1248.19 1330.52,1248.19
             1330.25,1250.08 1326.47,1256.30 1324.58,1257.38
             1324.58,1257.38 1324.31,1260.35 1324.31,1260.35
             1319.71,1257.92 1328.36,1257.65 1324.04,1253.87
             1321.87,1252.25 1313.23,1256.03 1310.52,1255.76
             1301.88,1255.22 1300.79,1249.54 1295.12,1256.57
             1293.77,1258.19 1292.42,1259.54 1290.80,1260.62
             1283.23,1264.67 1287.28,1255.22 1279.72,1259.81
             1276.74,1261.70 1278.90,1266.29 1272.96,1268.99
             1267.82,1271.15 1267.28,1264.67 1262.42,1270.88
             1260.53,1273.31 1263.77,1273.04 1264.58,1273.58
             1267.01,1274.93 1266.74,1278.99 1268.91,1281.15
             1269.45,1281.69 1270.53,1281.42 1271.61,1281.15
             1271.88,1281.15 1272.15,1280.88 1272.42,1280.34
             1272.42,1279.80 1271.34,1278.72 1272.15,1278.72
             1273.23,1278.45 1273.23,1280.88 1274.31,1281.15
             1277.28,1281.96 1283.50,1283.04 1284.58,1287.09
             1286.74,1294.92 1277.55,1283.58 1277.55,1283.58
             1274.58,1281.96 1265.93,1280.88 1265.12,1286.01
             1264.31,1289.25 1271.34,1288.17 1273.50,1290.33
             1275.12,1291.95 1274.85,1297.35 1272.96,1296.54
             1268.63,1294.92 1268.36,1290.06 1264.04,1287.90
             1262.96,1287.63 1261.88,1288.17 1260.80,1287.90
             1259.45,1287.90 1257.82,1286.55 1257.01,1287.63
             1250.80,1294.38 1268.91,1296.27 1267.55,1298.70
             1267.01,1299.51 1259.99,1299.24 1257.82,1298.70
             1257.01,1298.43 1255.12,1289.79 1255.12,1289.79
             1252.96,1287.09 1245.39,1288.71 1242.42,1286.55
             1236.75,1282.23 1242.42,1283.04 1242.42,1277.63
             1242.42,1276.55 1239.45,1279.53 1237.83,1280.88
             1236.48,1282.23 1234.31,1283.31 1234.04,1285.20
             1233.77,1286.55 1236.48,1286.82 1236.75,1288.17
             1236.75,1288.17 1234.85,1296.27 1234.85,1296.27
             1235.66,1301.40 1241.88,1303.83 1244.85,1307.08
             1244.85,1307.08 1248.37,1314.10 1248.37,1314.10
             1250.26,1315.99 1264.04,1322.74 1261.88,1325.98
             1261.34,1326.79 1250.80,1321.39 1249.99,1321.66
             1249.18,1321.66 1249.99,1323.28 1249.99,1324.09
             1249.45,1325.98 1246.47,1330.03 1248.37,1329.76
             1248.91,1329.49 1248.64,1328.14 1249.18,1328.41
             1249.99,1328.68 1249.72,1330.03 1250.53,1330.57
             1252.42,1331.92 1258.37,1331.92 1253.77,1335.98
             1249.99,1339.22 1246.20,1339.49 1241.07,1341.65
             1240.26,1341.92 1242.69,1342.73 1243.50,1342.46
             1244.31,1342.19 1244.85,1340.84 1245.93,1340.84
             1247.01,1340.84 1247.01,1342.46 1247.83,1343.00
             1248.37,1343.27 1248.91,1342.73 1249.45,1342.46
             1251.61,1342.46 1253.77,1341.92 1255.66,1342.73
             1257.28,1343.27 1257.01,1345.97 1258.64,1346.24
             1260.53,1346.78 1262.42,1343.81 1264.04,1344.62
             1265.66,1345.43 1263.77,1348.94 1265.39,1349.75
             1267.55,1351.10 1270.26,1347.32 1272.15,1348.67
             1273.23,1349.21 1272.15,1353.53 1276.47,1353.80
             1281.88,1354.07 1283.50,1352.18 1287.28,1356.50
             1290.25,1359.74 1285.66,1358.39 1285.66,1360.29
             1285.66,1361.64 1287.28,1362.45 1287.55,1363.53
             1288.09,1364.88 1287.28,1366.50 1287.82,1367.58
             1289.17,1370.01 1292.69,1371.09 1289.71,1375.68
             1289.17,1376.49 1288.09,1375.95 1287.28,1375.68
             1286.74,1375.14 1287.28,1374.33 1287.01,1373.79
             1286.74,1373.25 1283.50,1371.09 1283.23,1371.09
             1282.69,1370.82 1282.42,1372.17 1281.88,1371.90
             1279.99,1370.55 1277.01,1365.15 1274.31,1364.34
             1270.80,1363.26 1272.69,1367.31 1270.80,1367.85
             1267.55,1368.93 1258.37,1371.63 1259.18,1372.98
             1259.99,1374.87 1263.23,1374.06 1265.12,1374.87
             1265.93,1375.14 1263.50,1375.68 1263.50,1376.49
             1263.50,1377.30 1264.85,1377.30 1265.12,1377.84
             1265.66,1378.92 1264.85,1380.54 1265.66,1381.35
             1268.63,1384.32 1273.77,1382.70 1276.47,1385.94
             1278.09,1387.84 1272.15,1388.38 1269.72,1388.38
             1265.93,1388.65 1262.96,1388.38 1261.88,1388.11
             1261.07,1387.84 1261.61,1386.48 1261.07,1385.67
             1260.80,1385.40 1259.99,1385.40 1259.72,1385.40
             1257.55,1385.40 1254.58,1383.78 1253.23,1385.40
             1251.07,1388.38 1259.99,1395.13 1261.07,1397.02
             1261.34,1398.10 1260.53,1399.18 1260.80,1399.99
             1261.34,1400.80 1262.96,1399.99 1263.50,1400.80
             1264.58,1402.69 1267.82,1408.63 1268.91,1411.06
             1269.99,1413.49 1266.74,1411.87 1266.74,1412.68
             1266.74,1413.49 1267.82,1413.76 1268.09,1414.30
             1268.09,1414.85 1267.01,1415.66 1267.28,1416.20
             1267.55,1416.74 1273.77,1420.25 1273.23,1422.41
             1272.69,1423.22 1270.80,1423.22 1269.72,1422.95
             1268.91,1422.41 1269.18,1420.79 1268.36,1420.25
             1267.82,1419.71 1266.74,1421.06 1265.93,1420.52
             1261.34,1417.01 1259.45,1406.20 1252.69,1415.66
             1252.42,1416.20 1252.96,1421.87 1253.50,1425.11
             1253.77,1425.92 1253.77,1427.81 1252.96,1427.54
             1246.20,1426.73 1250.53,1419.98 1248.37,1417.01
             1248.10,1416.74 1247.29,1417.01 1247.01,1416.74
             1245.39,1415.12 1244.58,1413.22 1243.23,1411.33
             1242.42,1409.98 1241.88,1407.55 1240.26,1407.28
             1227.29,1404.31 1238.91,1416.74 1234.31,1418.90
             1226.48,1422.41 1228.64,1413.49 1228.37,1411.60
             1228.37,1411.06 1227.56,1411.06 1227.29,1411.06
             1224.85,1411.33 1223.50,1408.09 1222.96,1405.12
             1222.42,1401.07 1225.66,1405.66 1226.21,1399.45
             1226.48,1395.13 1219.45,1389.73 1215.94,1388.65
             1215.13,1388.38 1214.31,1390.27 1213.77,1389.46
             1212.69,1388.11 1213.77,1385.67 1212.42,1384.32
             1210.80,1382.70 1203.50,1384.86 1207.29,1379.73
             1207.56,1379.46 1208.64,1380.00 1208.91,1379.46
             1213.23,1376.49 1211.07,1374.06 1212.42,1368.93
             1212.42,1368.39 1212.96,1370.01 1213.50,1370.01
             1213.77,1370.01 1212.96,1368.93 1213.23,1368.93
             1215.94,1368.93 1218.64,1371.63 1220.80,1369.47
             1223.77,1366.50 1219.72,1366.23 1225.12,1362.72
             1228.91,1360.29 1231.61,1364.34 1234.58,1365.42
             1238.91,1367.04 1244.04,1366.50 1248.64,1367.85
             1251.34,1368.39 1252.96,1371.63 1255.66,1371.90
             1256.74,1372.17 1258.91,1370.82 1258.64,1369.47
             1258.10,1368.39 1255.12,1369.74 1254.58,1368.39
             1251.88,1362.18 1261.34,1371.36 1264.58,1362.45
             1264.85,1361.64 1262.69,1362.99 1261.61,1362.45
             1261.07,1362.18 1261.61,1360.83 1261.07,1360.83
             1260.53,1360.83 1260.26,1364.07 1258.91,1362.45
             1256.74,1359.74 1255.12,1363.53 1251.61,1361.91
             1249.72,1360.83 1249.18,1357.58 1247.01,1357.31
             1245.66,1357.04 1246.47,1361.37 1244.85,1361.37
             1239.99,1361.10 1243.23,1350.02 1239.72,1356.23
             1239.18,1357.31 1241.07,1359.47 1239.99,1360.29
             1238.10,1362.18 1229.45,1358.66 1227.56,1359.47
             1224.04,1360.83 1221.34,1364.07 1216.21,1365.42
             1213.23,1366.23 1212.42,1361.64 1210.80,1360.83
             1209.99,1360.56 1211.07,1362.72 1210.53,1363.26
             1209.45,1364.88 1207.56,1366.23 1205.94,1367.04
             1205.40,1367.31 1205.67,1365.96 1205.40,1365.96
             1202.42,1364.61 1205.40,1362.18 1203.50,1359.20
             1202.42,1357.58 1201.07,1355.96 1199.45,1354.88
             1198.91,1354.61 1198.10,1355.69 1197.83,1355.15
             1196.48,1354.07 1197.02,1351.64 1195.67,1350.83
             1192.96,1348.94 1188.10,1356.23 1192.15,1346.24
             1191.61,1345.97 1191.07,1345.70 1190.26,1345.16
             1189.45,1344.35 1189.99,1343.00 1189.45,1342.19
             1186.48,1338.41 1178.91,1334.90 1175.67,1332.19
             1174.59,1331.65 1176.21,1328.95 1175.40,1328.14
             1174.59,1327.33 1170.53,1330.30 1167.83,1323.82
             1168.10,1323.55 1168.10,1323.55 1168.37,1323.28
             1168.64,1323.01 1168.10,1322.74 1168.37,1322.74
             1172.97,1321.93 1175.94,1325.71 1175.67,1318.69
             1175.67,1317.07 1179.45,1319.50 1178.64,1317.07
             1178.64,1317.07 1175.13,1311.67 1175.13,1311.67
             1175.40,1309.78 1183.78,1307.08 1184.32,1306.27
             1184.32,1306.00 1185.94,1295.19 1185.94,1295.19
             1187.83,1287.90 1189.45,1296.81 1192.15,1286.55
             1192.96,1283.31 1189.18,1282.23 1189.18,1278.72
             1191.07,1278.99 1209.18,1273.31 1210.26,1272.50
             1213.23,1269.26 1211.07,1264.94 1216.48,1263.05
             1218.37,1262.24 1228.91,1263.59 1230.53,1262.51
             1231.34,1261.97 1231.07,1260.35 1231.88,1259.81
             1232.42,1259.54 1233.23,1261.16 1233.77,1260.62
             1237.02,1258.46 1229.72,1254.14 1238.37,1252.52
             1238.37,1252.52 1238.37,1252.52 1238.37,1252.52
             1238.10,1252.79 1238.37,1253.33 1238.37,1253.33
             1238.64,1252.79 1238.64,1251.17 1238.64,1249.00
             1238.64,1250.36 1238.64,1251.71 1238.64,1252.52
             1238.64,1252.52 1238.37,1252.52 1238.37,1252.52
             1239.45,1252.52 1240.80,1252.52 1241.88,1252.52
             1242.96,1252.52 1244.31,1253.33 1245.12,1252.52
             1246.20,1251.98 1246.20,1249.81 1247.29,1249.27
             1250.26,1247.38 1254.31,1248.46 1257.55,1247.38
             1265.12,1244.68 1267.01,1241.44 1271.88,1238.47
             1272.69,1237.93 1274.04,1240.09 1275.12,1239.55
             1276.74,1239.28 1277.55,1236.58 1279.17,1237.12
             1281.34,1237.39 1281.88,1240.36 1283.77,1241.44
             1284.04,1241.98 1284.85,1240.90 1285.39,1241.17
             1286.20,1241.44 1286.74,1243.33 1287.55,1243.06
             1288.63,1242.79 1288.63,1240.63 1289.71,1240.36
             1292.69,1239.55 1296.20,1241.17 1298.90,1242.52
             1299.44,1242.79 1298.91,1244.05 1299.71,1244.14
             1303.44,1244.57 1311.41,1238.86 1313.77,1238.20
             1313.77,1238.20 1313.77,1238.20 1313.77,1238.20
             1313.77,1238.20 1313.77,1238.20 1313.77,1238.20
             1313.77,1238.20 1313.77,1238.20 1313.77,1238.20
             1313.77,1238.20 1313.77,1238.20 1313.77,1238.20
             1313.77,1238.20 1313.77,1238.20 1313.77,1238.20
             1313.77,1238.20 1313.77,1238.20 1313.77,1238.20
             1313.77,1238.20 1313.77,1238.20 1313.77,1238.20
             1313.77,1238.20 1313.77,1238.20 1313.77,1238.20
             1313.77,1238.20 1313.77,1238.20 1313.77,1238.20
             1313.77,1238.20 1313.77,1238.20 1313.77,1238.20
             1313.77,1238.20 1313.77,1238.20 1313.77,1238.20
             1313.77,1238.20 1313.77,1238.20 1313.77,1238.20
             1313.77,1238.20 1313.77,1238.20 1313.77,1238.20
             1313.77,1238.20 1313.77,1238.20 1313.77,1238.20
             1313.77,1238.20 1313.77,1238.20 1313.77,1238.20
             1313.77,1238.20 1313.77,1238.20 1313.77,1238.20
             1313.77,1238.20 1313.77,1238.20 1313.77,1238.20
             1313.77,1238.20 1313.77,1238.20 1313.77,1238.20
             1313.77,1238.20 1313.77,1238.20 1313.77,1238.20M 1203.23,1343.00
           C 1206.48,1337.06 1198.37,1343.54 1198.10,1343.27
             1196.21,1342.46 1194.59,1338.95 1192.96,1340.03
             1192.42,1340.03 1194.32,1344.08 1194.05,1345.70
             1196.75,1345.70 1201.61,1345.70 1203.23,1343.00 Z
           M 1198.64,1375.14
           C 1196.48,1377.03 1195.67,1374.33 1193.78,1374.06
             1192.69,1374.06 1191.61,1375.41 1190.53,1375.14
             1188.64,1374.60 1189.45,1368.39 1187.83,1369.74
             1187.02,1370.28 1188.37,1372.17 1187.83,1373.25
             1185.67,1377.84 1184.32,1370.01 1190.26,1362.18
             1191.07,1363.53 1192.15,1364.88 1192.69,1366.50
             1192.69,1366.77 1191.88,1369.20 1193.23,1369.47
             1194.59,1369.74 1201.61,1372.71 1198.64,1375.14 Z
           M 1291.07,1352.18
           C 1289.71,1350.56 1287.82,1349.21 1285.66,1348.40
             1282.42,1347.32 1277.82,1352.45 1274.31,1348.94
             1273.77,1348.13 1275.39,1347.05 1274.85,1346.24
             1274.04,1343.81 1258.10,1336.25 1255.12,1336.79
             1253.50,1337.33 1252.69,1339.22 1251.34,1340.03
             1250.53,1340.30 1251.88,1338.41 1252.42,1337.87
             1253.23,1337.06 1254.31,1336.25 1255.12,1335.44
             1256.20,1334.36 1257.01,1333.55 1258.10,1332.74
             1259.72,1331.65 1261.34,1330.84 1262.96,1330.03
             1267.55,1332.47 1267.01,1334.90 1271.61,1337.33
             1272.42,1337.87 1273.50,1338.14 1274.58,1338.14
             1275.12,1338.14 1275.39,1337.06 1275.93,1337.33
             1277.28,1337.87 1278.36,1339.49 1279.99,1340.03
             1281.61,1340.30 1287.28,1337.06 1288.36,1338.95
             1288.63,1339.22 1288.09,1339.49 1288.09,1339.76
             1287.82,1340.03 1287.55,1340.57 1287.82,1340.84
             1288.90,1341.92 1290.80,1341.92 1291.61,1343.27
             1291.61,1343.54 1291.07,1351.64 1293.77,1353.53
             1296.74,1355.69 1308.90,1351.64 1304.04,1359.74
             1301.34,1364.07 1294.04,1358.66 1292.42,1356.77
             1292.15,1356.23 1293.23,1355.96 1293.23,1355.42
             1292.96,1354.61 1292.15,1353.80 1291.34,1353.26
             1290.80,1353.26 1290.25,1354.61 1289.98,1354.07
             1289.98,1353.53 1291.61,1352.72 1291.07,1352.18 Z" />
</svg>
