<?xml version="1.0" encoding="UTF-8" standalone="no"?>
<!DOCTYPE svg PUBLIC "-//W3C//DTD SVG 20010904//EN"
              "http://www.w3.org/TR/2001/REC-SVG-20010904/DTD/svg10.dtd">

<svg xmlns="http://www.w3.org/2000/svg"
     width="22.2222in" height="16.6667in"
     viewBox="0 0 2000 1500">
  <path id="tm"
        fill="none" stroke="black" stroke-width="1"
        d="M 1997.50,899.77
           C 1997.50,899.77 1997.50,929.48 1997.50,929.48
             1996.96,929.21 1996.15,928.94 1995.61,928.67
             1991.55,927.05 1991.01,922.73 1987.77,920.29
             1986.69,919.75 1985.07,919.48 1983.99,918.67
             1982.64,917.32 1982.91,914.35 1981.01,913.54
             1978.85,912.73 1976.42,913.54 1974.53,914.62
             1972.10,915.97 1970.20,921.38 1967.77,923.00
             1963.99,925.70 1964.53,921.92 1963.45,925.97
             1962.10,931.10 1962.64,936.23 1963.45,941.36
             1964.26,946.49 1963.99,938.12 1967.23,940.82
             1969.93,942.98 1968.85,948.38 1970.20,951.09
             1970.74,951.63 1981.01,960.27 1977.77,960.27
             1975.34,960.27 1971.83,953.52 1969.66,952.44
             1968.04,951.63 1966.15,951.09 1964.53,950.82
             1963.72,950.55 1962.64,951.63 1962.10,951.09
             1961.02,949.74 1961.56,947.30 1960.48,946.49
             1959.12,945.41 1956.42,946.76 1955.34,945.41
             1956.96,939.20 1957.77,931.37 1960.48,925.16
             1962.91,919.75 1975.88,903.01 1981.55,901.39
             1985.07,900.31 1991.82,899.50 1997.50,899.77 Z
           M 1997.50,839.54
           C 1993.45,833.32 1989.39,826.84 1985.34,820.63
             1983.18,817.39 1966.69,794.70 1966.42,793.08
             1966.42,790.38 1972.91,783.35 1974.53,781.19
             1981.55,770.39 1988.58,759.32 1995.61,748.51
             1996.15,747.43 1996.96,746.35 1997.50,744.73
             1997.50,744.73 1997.50,839.54 1997.50,839.54 Z
           M 1997.50,991.33
           C 1997.23,991.33 1996.96,991.60 1996.96,991.87
             1996.69,992.95 1996.96,993.49 1997.50,994.03
             1997.50,994.03 1997.50,994.03 1997.50,994.03
             1996.15,993.49 1993.99,994.30 1992.64,993.49
             1991.55,992.41 1992.36,990.25 1991.28,989.17
             1990.47,988.09 1988.58,988.63 1987.77,987.55
             1983.45,981.88 1986.42,977.29 1984.26,971.88
             1983.45,969.72 1981.83,965.40 1980.74,962.70
             1980.47,961.89 1978.31,960.81 1979.12,960.81
             1985.07,960.81 1987.77,965.40 1988.04,965.40
             1989.93,964.86 1991.55,963.78 1992.64,962.43
             1993.18,961.35 1991.82,959.46 1992.64,959.19
             1993.99,958.92 1995.61,962.16 1996.42,961.08
             1997.77,959.19 1995.34,952.44 1997.23,953.79
             1997.50,953.79 1997.50,954.06 1997.50,954.06
             1997.50,954.06 1997.50,991.33 1997.50,991.33 Z" />
</svg>
