<?xml version="1.0" encoding="UTF-8" standalone="no"?>
<!DOCTYPE svg PUBLIC "-//W3C//DTD SVG 20010904//EN"
              "http://www.w3.org/TR/2001/REC-SVG-20010904/DTD/svg10.dtd">

<svg xmlns="http://www.w3.org/2000/svg"
     width="22.2222in" height="16.6667in"
     viewBox="0 0 2000 1500">
  <path id="kz"
        fill="none" stroke="black" stroke-width="1"
        d="M 1997.50,286.91
           C 1995.88,286.91 1993.18,285.56 1990.47,290.15
             1989.93,291.24 1993.72,292.59 1992.91,295.29
             1991.01,301.77 1987.50,291.78 1986.15,297.99
             1985.88,299.88 1989.39,302.58 1987.77,303.39
             1986.96,303.66 1978.85,301.50 1979.12,300.69
             1979.39,299.34 1981.01,298.53 1981.55,297.18
             1982.10,295.83 1977.50,296.91 1973.72,291.78
             1971.02,288.26 1976.96,289.88 1972.64,287.72
             1969.39,286.37 1969.12,292.59 1962.91,287.72
             1962.91,287.72 1959.39,283.13 1957.50,282.86
             1955.34,282.32 1953.18,282.86 1951.29,282.05
             1950.75,282.05 1950.48,278.27 1949.12,280.70
             1946.42,285.83 1946.69,286.64 1946.96,291.78
             1946.96,292.59 1948.31,293.40 1947.77,293.94
             1943.72,297.72 1939.40,294.75 1935.07,297.45
             1920.21,306.63 1938.32,297.18 1929.13,305.01
             1928.59,305.55 1928.05,303.93 1927.50,304.20
             1926.15,304.47 1924.53,305.01 1923.45,306.09
             1922.37,307.44 1928.59,308.79 1928.59,309.60
             1929.13,310.41 1926.42,309.33 1925.34,309.60
             1924.26,309.87 1923.72,311.22 1922.91,311.76
             1921.29,313.11 1926.15,315.27 1926.15,317.43
             1926.42,320.14 1921.56,321.49 1921.56,324.19
             1921.56,325.00 1922.37,325.27 1923.18,325.27
             1925.88,325.54 1927.78,325.00 1927.23,329.59
             1926.96,334.45 1922.64,331.48 1922.64,335.26
             1922.91,345.52 1922.37,337.96 1918.59,345.80
             1918.32,346.61 1919.94,347.42 1919.67,348.23
             1918.86,352.28 1914.80,357.68 1912.91,361.46
             1911.56,364.16 1909.94,366.86 1908.59,369.56
             1908.32,370.37 1908.86,371.99 1908.05,372.26
             1906.70,372.26 1906.43,369.83 1905.07,369.83
             1902.91,370.10 1906.15,374.16 1905.34,376.05
             1904.53,377.67 1902.37,377.94 1901.02,379.02
             1900.48,379.56 1902.64,380.10 1902.64,380.91
             1902.10,383.07 1898.32,383.34 1900.21,386.31
             1901.56,388.20 1906.15,389.01 1905.34,391.44
             1904.26,394.68 1902.37,392.25 1899.94,392.79
             1896.97,393.33 1899.94,398.46 1895.35,399.00
             1895.07,399.00 1894.80,398.19 1894.80,398.46
             1893.45,402.52 1890.75,406.03 1888.86,410.08
             1888.32,411.43 1895.07,410.62 1890.21,414.13
             1889.13,414.94 1887.24,413.86 1886.16,414.67
             1884.26,416.56 1885.35,420.07 1883.99,422.23
             1883.72,422.77 1882.91,422.50 1882.64,422.77
             1881.83,423.85 1880.75,424.93 1880.21,426.28
             1879.94,426.82 1882.10,427.36 1881.56,428.18
             1880.48,430.88 1873.45,434.39 1875.35,437.90
             1875.89,438.98 1878.59,440.60 1879.13,441.95
             1879.67,443.30 1875.89,443.03 1874.81,442.22
             1874.00,441.68 1874.54,439.25 1873.72,439.79
             1871.29,441.14 1867.78,443.03 1867.51,446.00
             1867.51,447.08 1870.21,447.08 1870.21,448.43
             1870.21,449.78 1868.32,450.32 1867.24,450.59
             1866.43,450.59 1866.16,449.24 1865.62,449.51
             1863.46,450.32 1863.46,453.83 1862.91,453.83
             1862.10,454.10 1859.13,453.02 1858.59,453.02
             1852.92,454.37 1859.13,460.59 1858.32,460.86
             1855.62,461.94 1857.51,455.46 1855.08,462.21
             1853.46,467.07 1861.02,460.32 1861.56,463.83
             1861.56,465.45 1861.29,467.07 1861.56,468.69
             1861.83,469.23 1862.91,469.50 1862.91,470.04
             1862.37,471.12 1859.94,473.55 1861.02,473.28
             1861.29,473.28 1869.40,468.69 1869.40,468.69
             1869.94,468.15 1868.59,467.34 1868.86,466.53
             1869.40,465.18 1872.64,462.48 1873.72,466.26
             1874.00,467.61 1873.72,469.50 1872.64,470.58
             1871.83,471.39 1870.75,469.77 1869.67,470.04
             1867.51,470.58 1870.21,477.06 1872.37,477.60
             1876.97,479.22 1880.75,472.47 1881.56,471.93
             1882.91,471.39 1884.26,472.74 1885.62,472.20
             1886.70,471.93 1890.75,467.34 1892.91,470.04
             1897.24,475.71 1892.10,475.71 1890.48,476.79
             1889.13,477.87 1889.13,480.30 1887.78,481.11
             1886.70,481.92 1884.81,480.30 1883.45,481.11
             1882.10,481.92 1881.56,483.82 1880.75,485.17
             1879.67,486.52 1877.78,487.60 1877.78,489.22
             1877.51,490.03 1879.67,488.95 1880.21,489.49
             1882.10,491.11 1876.43,501.91 1880.48,502.18
             1881.56,502.45 1882.37,500.83 1883.45,501.37
             1884.54,501.64 1884.54,503.53 1885.89,504.07
             1886.70,504.34 1887.78,502.72 1888.59,502.99
             1890.75,503.53 1893.18,504.34 1893.99,506.23
             1893.99,506.23 1892.64,516.77 1892.37,516.77
             1891.83,518.12 1889.94,518.66 1889.13,520.01
             1888.05,522.44 1889.94,525.41 1888.59,527.84
             1887.78,529.73 1883.72,530.00 1886.70,532.16
             1891.29,535.13 1892.91,530.27 1897.24,528.92
             1899.67,528.11 1896.43,535.94 1899.40,534.32
             1902.91,532.43 1905.34,528.92 1909.13,527.57
             1910.75,527.30 1911.83,530.81 1913.45,530.27
             1922.37,528.11 1913.18,522.98 1926.96,526.76
             1927.50,526.76 1928.59,525.68 1928.86,526.22
             1929.40,527.30 1927.78,528.11 1927.78,528.92
             1928.59,532.97 1936.96,539.46 1935.61,543.24
             1933.72,549.72 1927.78,560.25 1921.02,562.95
             1917.24,564.30 1915.34,559.71 1912.91,561.06
             1909.67,563.22 1919.67,572.95 1912.91,580.24
             1906.97,586.18 1915.61,572.68 1908.05,577.27
             1905.07,579.16 1902.37,582.40 1898.05,583.48
             1896.97,584.02 1895.89,583.75 1894.53,583.48
             1893.99,583.21 1893.72,582.40 1892.91,582.40
             1892.10,582.67 1891.83,584.29 1891.02,584.02
             1890.21,584.02 1890.21,582.40 1889.67,582.13
             1889.13,582.13 1888.86,583.21 1888.32,583.21
             1887.78,583.21 1887.24,582.94 1886.70,582.40
             1885.89,580.78 1886.43,577.00 1883.18,578.35
             1882.10,578.62 1881.29,579.97 1879.94,580.24
             1879.13,580.24 1878.59,578.62 1877.78,578.89
             1873.72,580.51 1877.51,581.86 1877.24,583.21
             1876.97,585.10 1870.48,586.99 1869.67,587.53
             1867.51,589.42 1874.27,593.75 1873.18,594.83
             1872.37,595.64 1870.48,595.10 1869.67,596.18
             1869.13,596.99 1870.21,598.07 1869.94,599.15
             1869.13,602.93 1860.21,596.45 1859.94,596.45
             1858.59,596.72 1858.32,598.34 1857.51,599.42
             1856.70,600.23 1851.56,602.93 1852.11,604.55
             1852.65,605.36 1854.27,605.36 1854.54,606.44
             1855.08,609.41 1848.59,606.44 1848.32,606.71
             1846.70,609.68 1852.38,610.76 1849.94,614.81
             1849.40,615.89 1847.24,615.08 1846.70,616.16
             1845.62,617.78 1849.13,620.49 1849.13,621.84
             1849.13,621.84 1846.43,633.72 1846.43,633.99
             1845.62,635.88 1842.38,632.64 1840.21,632.91
             1839.13,632.91 1839.13,634.80 1838.05,635.07
             1835.08,635.88 1817.24,628.32 1816.70,635.07
             1816.43,636.15 1816.43,637.77 1817.51,638.31
             1818.32,638.85 1820.49,636.42 1821.84,638.04
             1823.19,639.93 1828.32,645.33 1827.51,648.04
             1826.70,650.20 1823.46,651.28 1821.84,649.12
             1820.76,647.77 1819.95,646.14 1819.40,644.25
             1819.13,643.17 1819.95,641.01 1818.86,641.01
             1818.86,641.01 1810.49,641.28 1810.49,641.28
             1804.27,638.58 1811.57,635.88 1802.11,637.77
             1799.95,638.31 1798.60,640.47 1796.70,640.47
             1788.33,640.20 1796.16,633.18 1785.35,636.69
             1782.11,637.77 1773.46,649.12 1771.03,648.04
             1767.79,646.14 1765.62,642.63 1762.11,641.01
             1761.57,640.74 1762.38,642.09 1762.11,642.36
             1761.57,644.25 1761.30,646.14 1759.95,647.77
             1759.14,648.85 1757.25,648.58 1756.44,649.39
             1752.92,653.71 1759.41,655.06 1757.25,659.38
             1756.17,661.27 1754.54,655.06 1753.19,657.76
             1751.57,661.00 1754.27,662.89 1749.41,663.16
             1744.28,663.70 1751.57,659.65 1748.60,658.03
             1742.65,654.79 1743.73,660.46 1739.14,661.54
             1737.52,661.81 1735.90,660.73 1734.28,661.27
             1733.47,661.27 1738.60,664.78 1738.33,665.59
             1736.44,673.96 1736.71,661.54 1734.01,666.67
             1732.11,669.64 1736.17,670.45 1736.17,672.88
             1736.17,673.15 1734.55,682.34 1734.28,682.88
             1733.19,684.50 1731.30,685.31 1730.22,686.93
             1729.41,688.82 1730.22,690.98 1729.14,692.87
             1727.79,694.76 1723.47,693.95 1722.66,696.38
             1720.49,703.41 1727.52,703.41 1726.98,705.03
             1726.44,706.38 1725.63,708.00 1724.55,709.35
             1724.28,709.89 1723.47,709.62 1723.20,710.16
             1723.20,710.43 1721.57,718.80 1721.30,719.34
             1720.22,721.50 1715.09,720.96 1715.09,721.77
             1715.09,723.39 1717.79,722.04 1717.79,722.04
             1719.68,723.39 1726.17,731.23 1727.79,732.85
             1728.33,733.66 1727.79,735.28 1728.60,735.82
             1730.76,737.71 1731.03,731.77 1732.65,736.90
             1732.92,737.98 1732.92,739.33 1732.65,740.41
             1726.17,756.07 1722.11,747.16 1712.66,743.11
             1711.58,742.57 1700.49,737.98 1699.68,739.60
             1698.60,742.57 1696.17,747.97 1698.60,751.48
             1699.14,752.02 1701.58,752.56 1701.58,753.91
             1701.85,759.86 1697.52,761.48 1697.52,764.72
             1697.25,765.53 1704.01,783.89 1704.01,783.89
             1705.63,785.25 1710.49,782.81 1712.12,786.06
             1714.01,790.65 1711.03,792.81 1710.49,796.59
             1709.95,800.64 1712.12,807.39 1712.66,811.44
             1712.93,813.07 1712.39,815.23 1713.47,816.31
             1714.28,816.85 1727.25,813.61 1729.14,814.15
             1731.03,814.69 1729.68,818.20 1731.30,819.01
             1732.11,819.55 1733.19,817.93 1733.74,818.47
             1734.28,819.01 1733.74,820.36 1733.47,821.44
             1733.19,821.98 1731.57,822.25 1732.11,822.79
             1733.19,824.41 1735.36,824.41 1736.71,825.76
             1737.25,826.03 1736.44,826.84 1736.17,827.38
             1736.17,827.38 1736.44,827.65 1736.44,827.92
             1736.71,827.92 1744.01,829.00 1744.01,829.00
             1744.55,828.46 1741.84,823.33 1742.11,823.06
             1744.01,822.79 1746.17,823.60 1748.33,823.06
             1751.84,821.98 1753.73,816.58 1758.06,817.66
             1768.33,820.36 1772.92,825.49 1781.30,830.89
             1785.08,833.32 1790.49,833.32 1793.19,836.56
             1794.81,838.72 1791.03,843.05 1789.68,843.32
             1788.06,843.32 1784.81,839.27 1783.46,844.13
             1781.57,851.42 1798.06,848.18 1803.73,847.91
             1802.65,844.13 1801.30,840.35 1802.11,839.54
             1803.73,838.18 1806.16,840.62 1807.78,839.54
             1808.59,838.99 1804.81,837.91 1805.62,837.37
             1806.70,836.56 1808.05,838.18 1809.41,838.45
             1809.95,838.45 1815.62,830.08 1816.16,828.46
             1816.97,826.30 1815.89,820.63 1817.78,821.71
             1818.32,821.98 1818.59,823.60 1818.86,823.06
             1819.67,820.36 1818.59,817.12 1819.40,814.96
             1819.67,814.15 1820.76,815.23 1821.30,814.96
             1822.11,814.69 1822.11,813.07 1822.65,813.34
             1823.46,813.61 1822.65,815.23 1823.46,815.77
             1823.73,816.31 1823.73,814.69 1823.73,814.15
             1823.46,812.80 1822.92,807.39 1824.81,809.82
             1825.08,810.09 1826.16,810.90 1826.16,810.36
             1826.70,804.42 1825.08,802.80 1830.76,797.94
             1835.89,793.35 1841.02,798.75 1845.89,796.86
             1846.97,796.59 1846.97,794.97 1847.78,794.43
             1848.32,793.89 1847.78,796.05 1848.32,796.05
             1851.02,796.32 1854.00,794.97 1856.43,794.16
             1858.05,793.35 1857.24,784.98 1857.51,784.44
             1858.32,783.35 1860.48,784.44 1861.83,783.62
             1864.27,782.54 1868.32,777.14 1871.29,779.30
             1872.64,780.11 1873.45,782.00 1875.08,783.08
             1876.16,783.62 1879.40,782.81 1879.40,785.25
             1879.40,785.52 1878.32,785.52 1878.32,785.79
             1878.05,787.95 1878.05,790.38 1878.32,792.54
             1878.32,793.35 1878.32,790.92 1878.86,790.65
             1879.67,790.11 1880.21,791.73 1881.02,792.27
             1885.35,795.78 1888.05,800.37 1889.13,806.04
             1890.48,811.99 1888.59,819.01 1890.75,824.68
             1891.83,827.11 1905.88,822.52 1905.34,823.87
             1902.91,829.81 1893.99,830.62 1888.59,832.78
             1885.08,834.40 1882.91,838.72 1879.13,840.08
             1877.24,840.89 1874.81,840.62 1872.91,841.70
             1871.02,842.51 1872.91,846.02 1871.56,847.64
             1870.75,848.99 1868.32,849.26 1867.78,850.88
             1864.00,860.87 1869.67,854.12 1871.29,861.41
             1871.56,862.22 1869.40,860.60 1868.59,861.14
             1866.97,862.49 1865.62,864.65 1865.35,866.82
             1864.27,873.30 1872.64,870.60 1875.08,871.14
             1876.70,871.68 1877.51,873.84 1879.13,874.11
             1880.21,874.11 1880.48,872.22 1881.29,871.95
             1882.91,871.68 1885.08,871.68 1886.43,873.03
             1886.97,873.57 1884.26,873.57 1883.45,874.11
             1882.64,874.65 1880.21,874.92 1879.67,875.73
             1879.40,876.81 1879.94,878.43 1879.40,878.97
             1875.35,883.02 1873.45,878.43 1869.67,878.97
             1863.73,880.05 1870.48,879.78 1867.78,881.67
             1864.00,884.10 1855.89,883.02 1857.24,890.04
             1859.94,904.63 1871.56,889.77 1876.70,893.01
             1878.32,894.10 1878.59,896.53 1879.94,897.88
             1883.99,901.12 1898.05,906.79 1900.48,909.49
             1902.91,911.92 1901.29,918.40 1904.80,919.48
             1906.70,919.75 1911.29,913.81 1913.72,913.27
             1914.26,913.27 1913.72,914.89 1914.26,915.16
             1916.42,916.51 1918.86,917.05 1921.29,918.40
             1922.10,918.94 1923.18,919.48 1924.53,919.75
             1926.69,920.29 1926.96,915.97 1928.86,914.62
             1930.75,913.27 1931.56,916.51 1933.18,915.97
             1934.80,915.43 1938.04,907.33 1943.99,911.38
             1945.34,912.19 1947.50,914.89 1946.15,915.70
             1944.53,916.78 1942.37,913.81 1940.48,913.81
             1939.13,913.81 1942.91,914.89 1943.99,915.70
             1946.96,917.59 1947.77,921.65 1948.31,925.16
             1948.58,927.32 1948.85,929.48 1948.58,931.37
             1948.31,931.91 1947.50,931.64 1947.50,932.18
             1946.96,936.50 1952.10,936.77 1953.99,940.01
             1955.07,941.63 1953.99,944.06 1955.34,945.41
             1956.96,939.20 1957.77,931.37 1960.48,925.16
             1962.91,919.75 1975.88,903.01 1981.55,901.39
             1985.07,900.31 1991.82,899.50 1997.50,899.77
             1997.50,899.77 1997.50,839.54 1997.50,839.54
             1993.45,833.32 1989.39,826.84 1985.34,820.63
             1983.18,817.39 1966.69,794.70 1966.42,793.08
             1966.42,790.38 1972.91,783.35 1974.53,781.19
             1981.55,770.39 1988.58,759.32 1995.61,748.51
             1996.15,747.43 1996.96,746.35 1997.50,744.73
             1997.50,744.73 1997.50,286.91 1997.50,286.91 Z" />
</svg>
