<?xml version="1.0" encoding="UTF-8" standalone="no"?>
<!DOCTYPE svg PUBLIC "-//W3C//DTD SVG 20010904//EN"
              "http://www.w3.org/TR/2001/REC-SVG-20010904/DTD/svg10.dtd">

<svg xmlns="http://www.w3.org/2000/svg"
     width="22.2222in" height="16.6667in"
     viewBox="0 0 2000 1500">
  <path id="fi"
        fill="none" stroke="black" stroke-width="1"
        d="M 1200.26,562.68
           C 1201.88,556.47 1207.02,549.99 1210.26,544.59
             1218.64,529.73 1223.77,512.72 1229.45,496.78
             1233.77,485.17 1235.12,482.19 1235.66,469.77
             1235.93,467.88 1237.02,465.72 1236.20,463.83
             1234.04,457.62 1209.99,448.70 1203.77,444.38
             1202.96,443.84 1212.69,428.99 1205.94,423.85
             1203.50,421.96 1198.37,423.85 1196.75,421.15
             1189.72,409.00 1198.37,414.67 1196.21,411.16
             1192.96,406.30 1189.45,410.08 1185.40,405.22
             1181.88,401.17 1184.32,400.90 1186.21,397.11
             1187.29,394.68 1180.80,394.68 1180.80,393.60
             1181.07,391.71 1181.07,381.99 1181.07,381.72
             1175.40,376.86 1182.15,379.83 1183.78,377.94
             1184.86,376.32 1178.10,366.59 1177.29,365.51
             1172.70,359.30 1167.56,352.01 1162.16,346.61
             1161.35,345.80 1157.02,342.55 1156.21,340.93
             1152.16,333.37 1165.13,314.19 1159.99,309.60
             1158.64,307.98 1156.21,307.98 1154.59,306.90
             1151.62,304.74 1150.27,300.96 1147.29,299.07
             1147.02,299.07 1137.83,297.72 1137.56,297.72
             1135.94,296.37 1135.40,294.21 1134.32,292.32
             1128.37,282.59 1135.40,283.40 1132.43,276.38
             1131.08,273.14 1125.94,276.11 1127.02,274.22
             1128.37,271.79 1130.27,270.17 1131.89,268.01
             1123.24,263.96 1134.59,257.47 1131.08,251.53
             1125.67,242.08 1117.29,245.59 1110.27,238.03
             1110.27,238.03 1110.00,236.68 1110.00,236.68
             1109.73,236.68 1109.46,236.68 1109.19,236.95
             1109.19,236.68 1108.92,236.68 1108.92,236.41
             1108.92,236.41 1108.92,236.95 1108.92,236.95
             1103.51,238.03 1104.59,244.24 1100.00,245.59
             1095.94,246.67 1097.57,241.00 1092.97,246.13
             1092.43,246.94 1092.97,248.29 1092.70,249.37
             1092.43,249.64 1089.46,255.31 1089.46,255.58
             1088.65,257.74 1090.27,264.77 1090.54,266.66
             1090.54,267.47 1090.00,268.01 1090.00,268.82
             1090.00,270.44 1090.27,271.79 1090.54,273.41
             1091.35,275.57 1093.24,277.19 1093.51,279.35
             1094.86,288.80 1092.43,282.32 1089.19,285.29
             1085.41,289.07 1088.92,290.15 1087.84,294.75
             1087.57,295.83 1086.49,296.37 1086.22,297.45
             1086.22,297.72 1082.70,294.48 1082.16,294.21
             1081.35,293.67 1071.35,290.15 1070.54,291.24
             1069.46,292.32 1070.27,294.48 1069.46,295.56
             1066.22,301.23 1061.89,297.72 1057.30,298.53
             1055.95,298.53 1054.60,299.34 1053.52,299.07
             1053.52,299.07 1052.43,298.26 1052.43,298.26
             1051.89,297.18 1051.89,295.56 1051.35,294.48
             1049.46,291.24 1043.25,282.86 1040.00,280.97
             1032.98,276.92 1032.71,282.59 1033.25,286.91
             1033.25,286.91 1031.63,292.59 1031.63,292.59
             1031.63,292.59 1031.90,292.59 1031.90,292.59
             1031.90,292.59 1031.63,292.86 1031.63,292.86
             1031.63,292.86 1032.71,294.21 1032.71,294.21
             1032.44,294.75 1031.36,295.02 1032.71,295.83
             1037.30,299.34 1045.14,305.82 1050.00,307.98
             1055.68,310.41 1060.27,308.25 1065.41,313.38
             1066.49,314.19 1065.68,316.62 1066.76,317.16
             1067.57,317.43 1068.11,316.08 1068.65,316.35
             1070.81,317.16 1071.62,319.87 1073.24,321.49
             1073.78,322.03 1075.41,322.03 1075.14,322.84
             1072.16,328.51 1075.41,328.78 1076.22,335.26
             1076.49,336.34 1075.41,337.42 1075.41,338.50
             1075.41,338.50 1075.41,338.50 1075.41,338.50
             1075.41,338.50 1075.41,338.50 1075.41,338.50
             1075.14,338.77 1075.14,338.77 1075.14,338.77
             1075.14,338.77 1075.14,338.77 1075.14,338.77
             1075.14,341.47 1079.19,339.31 1080.27,340.39
             1083.78,343.09 1078.11,346.88 1079.73,349.58
             1081.35,353.36 1087.84,356.87 1088.38,361.19
             1088.65,364.43 1086.22,374.70 1086.49,376.05
             1088.92,384.69 1094.86,387.66 1098.11,394.68
             1099.19,392.79 1100.54,391.17 1104.32,393.33
             1106.21,394.41 1105.13,398.19 1107.03,399.27
             1108.65,400.36 1110.81,398.19 1112.70,398.73
             1113.51,398.73 1113.51,400.36 1114.05,400.90
             1115.67,401.71 1115.67,398.46 1117.29,401.17
             1120.27,407.38 1118.11,412.78 1119.19,415.48
             1120.00,417.91 1127.29,412.51 1124.05,420.34
             1123.24,422.23 1120.54,421.69 1118.92,422.77
             1117.29,423.85 1115.40,424.66 1114.32,426.28
             1113.78,426.82 1114.59,428.18 1114.05,428.72
             1113.51,429.26 1112.16,427.91 1111.89,428.45
             1111.08,430.34 1110.81,432.77 1110.81,434.93
             1110.81,436.28 1111.62,437.63 1111.08,438.98
             1110.81,441.41 1107.57,442.49 1107.03,444.65
             1106.48,446.27 1107.84,448.16 1107.30,449.51
             1105.94,452.48 1102.97,451.94 1102.70,456.00
             1102.43,456.81 1104.05,457.62 1104.05,458.70
             1103.24,463.83 1095.94,463.02 1095.67,467.61
             1095.40,469.50 1094.05,474.36 1093.78,474.63
             1092.70,474.63 1091.35,471.93 1090.27,472.74
             1087.84,474.90 1091.62,480.30 1089.19,481.92
             1088.38,482.46 1086.76,478.95 1087.03,480.03
             1087.03,481.38 1088.92,481.92 1089.46,483.28
             1091.89,492.19 1088.65,486.25 1084.86,490.57
             1084.05,491.65 1085.68,494.35 1084.59,494.35
             1082.97,494.08 1083.78,490.84 1082.43,490.57
             1080.27,490.03 1077.57,490.84 1076.49,492.73
             1072.16,500.02 1081.35,494.89 1080.81,499.21
             1080.27,501.91 1073.24,506.50 1072.97,509.47
             1071.62,527.30 1073.24,508.93 1075.95,515.69
             1076.22,515.96 1073.51,520.82 1075.68,522.17
             1075.95,522.44 1076.49,521.09 1076.76,521.36
             1077.30,522.17 1076.49,524.06 1077.57,524.33
             1078.11,524.60 1077.03,521.90 1077.84,521.90
             1078.65,521.63 1078.92,522.71 1079.19,523.52
             1080.81,527.84 1078.92,534.86 1079.73,536.48
             1080.27,537.57 1081.89,537.02 1082.70,537.84
             1083.78,539.19 1084.32,540.81 1085.13,542.16
             1085.41,542.70 1084.86,543.51 1085.13,544.05
             1085.68,544.86 1086.76,544.86 1087.30,545.40
             1087.57,545.67 1086.22,545.40 1086.22,545.67
             1085.95,546.21 1086.49,546.75 1086.76,547.29
             1088.11,548.91 1091.08,549.72 1090.81,551.61
             1090.54,553.23 1086.22,551.88 1085.95,553.50
             1085.41,555.66 1088.65,557.01 1089.19,558.90
             1089.46,559.71 1088.11,560.52 1088.38,561.60
             1088.65,562.14 1090.27,562.14 1090.27,562.95
             1090.00,566.47 1087.30,562.68 1088.38,565.66
             1088.65,566.74 1090.00,567.55 1089.73,568.36
             1089.46,569.44 1086.76,568.09 1086.49,568.90
             1086.22,575.92 1089.19,576.73 1091.35,579.70
             1091.89,580.24 1089.19,580.78 1089.73,581.59
             1090.00,582.94 1090.54,584.02 1091.35,585.10
             1097.30,592.94 1092.70,584.83 1098.38,583.75
             1099.46,583.75 1097.30,586.72 1098.38,587.53
             1100.00,588.34 1101.89,586.99 1103.78,586.99
             1105.40,587.26 1106.21,589.96 1107.57,589.96
             1108.92,589.96 1109.46,588.34 1110.54,588.34
             1111.08,588.07 1110.54,589.15 1110.81,589.42
             1111.62,589.69 1112.16,589.42 1112.97,589.15
             1113.24,588.88 1113.24,587.26 1113.51,587.80
             1116.21,593.75 1111.89,594.83 1112.97,595.10
             1113.51,595.10 1119.73,590.50 1120.54,589.96
             1120.81,589.69 1121.35,588.34 1121.62,588.07
             1121.62,588.07 1121.62,588.07 1121.62,588.07
             1120.27,592.12 1116.75,596.72 1123.24,599.15
             1124.32,599.69 1126.48,597.26 1127.02,598.34
             1127.56,599.96 1123.24,602.39 1124.86,602.93
             1126.48,603.74 1126.21,599.15 1127.83,598.88
             1129.19,598.61 1128.10,601.58 1127.56,602.66
             1126.75,604.01 1125.13,604.55 1123.78,605.63
             1123.24,606.44 1121.08,608.33 1121.89,607.79
             1130.27,604.55 1127.02,599.15 1131.35,596.45
             1132.70,595.64 1129.19,599.96 1130.54,600.77
             1132.43,601.85 1134.86,600.50 1136.75,599.42
             1138.10,598.88 1138.64,596.72 1139.73,595.91
             1141.35,594.56 1148.64,593.75 1149.45,592.67
             1150.27,591.85 1147.56,590.50 1148.37,589.69
             1149.72,588.61 1151.89,589.42 1153.78,589.15
             1154.32,589.15 1155.40,589.42 1155.67,588.88
             1156.21,588.07 1155.13,586.99 1155.40,586.45
             1155.67,585.91 1155.67,587.80 1156.21,588.07
             1156.48,588.34 1163.51,584.02 1164.05,583.21
             1164.32,582.94 1162.97,577.54 1165.67,578.08
             1166.21,578.08 1176.21,587.26 1173.78,577.27
             1173.24,575.38 1168.37,575.11 1169.18,572.95
             1169.72,571.06 1173.24,572.14 1175.13,572.68
             1176.21,572.95 1176.21,575.92 1177.29,575.38
             1179.99,573.49 1175.94,564.30 1179.18,566.20
             1181.88,568.09 1174.59,574.84 1182.97,572.14
             1195.94,567.82 1184.86,570.52 1187.56,566.47
             1187.83,566.20 1188.10,567.01 1188.64,567.01
             1189.18,567.01 1189.99,567.01 1190.26,566.47
             1190.53,565.93 1189.45,564.03 1190.26,564.03
             1190.53,564.03 1194.86,567.82 1196.21,567.28
             1198.10,566.74 1199.45,565.12 1200.53,563.76
             1200.80,563.76 1200.80,563.49 1200.80,563.22
             1200.80,563.22 1200.26,562.68 1200.26,562.68 Z" />
</svg>
