<?xml version="1.0" encoding="UTF-8" standalone="no"?>
<!DOCTYPE svg PUBLIC "-//W3C//DTD SVG 20010904//EN"
              "http://www.w3.org/TR/2001/REC-SVG-20010904/DTD/svg10.dtd">

<svg xmlns="http://www.w3.org/2000/svg"
     width="22.2222in" height="16.6667in"
     viewBox="0 0 2000 1500">
  <path id="de"
        fill="none" stroke="black" stroke-width="1"
        d="M 982.17,842.78
           C 982.71,847.10 987.03,855.47 987.57,858.17
             988.39,864.65 979.74,868.98 981.63,874.11
             982.71,877.35 992.98,878.70 992.98,882.75
             992.98,886.80 989.74,888.15 992.17,891.12
             992.98,892.47 994.87,893.01 995.41,894.64
             996.22,895.99 995.14,897.88 995.41,899.23
             995.68,900.04 996.76,899.77 997.03,900.31
             998.38,902.20 995.14,906.79 994.33,908.41
             992.71,910.84 996.76,912.19 997.57,914.62
             998.11,915.97 996.22,917.59 997.03,918.67
             998.11,920.29 1000.55,919.75 1001.63,920.83
             1005.41,924.35 1003.79,944.06 1000.55,944.60
             997.03,945.41 991.36,930.56 988.39,938.93
             987.84,940.28 992.71,941.36 991.63,942.17
             988.39,944.87 983.79,945.14 980.55,947.03
             980.01,947.30 980.55,948.66 980.01,948.93
             977.85,950.01 974.87,948.38 973.25,949.74
             971.90,950.82 972.44,952.98 971.09,954.06
             970.55,954.60 970.01,952.71 969.20,952.98
             966.77,953.52 966.50,956.76 964.87,957.84
             964.06,958.65 962.44,957.30 961.63,958.11
             960.82,958.65 961.63,960.27 960.82,961.08
             959.74,962.43 956.77,960.00 955.96,960.00
             949.20,961.08 948.12,966.21 945.96,970.53
             945.42,971.61 945.42,967.83 944.33,967.02
             943.52,965.94 941.90,965.67 940.55,965.40
             938.12,964.86 943.25,973.50 948.66,977.02
             949.20,977.29 951.09,977.56 951.36,979.18
             952.17,982.96 948.66,981.61 948.12,984.58
             947.85,985.39 953.79,995.38 954.60,996.19
             959.20,1000.78 960.28,997.54 963.25,1000.51
             965.14,1002.40 965.41,1005.38 967.31,1007.00
             971.63,1009.97 983.25,1014.02 982.98,1021.04
             982.71,1028.33 981.09,1026.71 975.41,1025.36
             974.87,1025.36 974.33,1025.63 974.06,1026.17
             973.52,1028.87 975.14,1031.85 972.44,1034.01
             970.01,1035.90 958.66,1038.60 958.39,1042.92
             958.39,1042.92 964.87,1051.83 964.87,1052.10
             965.14,1052.37 961.36,1055.61 962.71,1056.69
             965.68,1059.40 968.66,1055.34 966.22,1064.26
             966.22,1064.80 965.68,1065.61 965.14,1065.61
             956.50,1063.18 963.25,1058.86 959.20,1058.59
             957.04,1058.59 955.14,1060.48 952.98,1060.21
             951.90,1059.94 952.17,1058.04 951.36,1057.77
             949.74,1057.23 948.12,1058.59 946.77,1058.04
             946.23,1057.77 947.31,1056.15 946.77,1056.15
             943.52,1056.42 946.50,1060.75 945.69,1061.02
             941.90,1062.10 935.69,1060.48 932.17,1061.83
             931.09,1062.37 931.63,1064.26 930.55,1064.80
             929.47,1065.61 928.12,1064.26 927.04,1065.07
             926.23,1065.34 927.31,1066.69 926.77,1067.23
             926.50,1067.50 917.31,1069.93 916.23,1069.39
             915.69,1068.85 916.23,1067.50 915.69,1066.96
             915.42,1066.42 914.07,1066.42 913.80,1065.88
             913.53,1065.34 915.15,1065.61 914.88,1065.07
             913.80,1061.56 906.23,1065.88 904.07,1063.45
             904.07,1063.45 904.61,1063.18 904.61,1062.91
             902.99,1061.83 904.61,1066.42 904.07,1068.31
             904.07,1069.39 898.93,1075.60 897.04,1073.71
             895.96,1072.63 898.93,1071.01 898.12,1069.93
             897.85,1069.66 897.04,1070.74 896.50,1070.74
             895.96,1070.74 895.15,1070.47 894.88,1069.93
             894.34,1069.12 896.23,1068.04 894.88,1066.96
             893.80,1066.15 893.26,1064.80 892.18,1064.26
             891.37,1063.72 890.28,1065.07 889.20,1064.80
             888.66,1064.26 889.20,1062.91 888.66,1062.37
             887.31,1061.29 887.58,1066.15 883.26,1064.80
             880.29,1063.72 878.39,1060.75 875.42,1059.94
             875.15,1059.94 866.23,1060.48 866.23,1060.48
             865.15,1059.94 865.15,1058.04 864.07,1057.50
             863.80,1056.96 864.61,1058.86 864.07,1059.13
             863.53,1059.40 862.45,1059.13 862.18,1058.59
             861.91,1057.77 863.26,1056.69 862.72,1056.15
             858.67,1052.10 854.07,1059.40 854.88,1059.67
             856.50,1059.94 858.12,1059.40 859.75,1059.67
             860.83,1059.94 857.85,1060.21 857.04,1060.75
             856.50,1061.02 857.31,1062.37 857.04,1062.64
             850.29,1066.15 855.15,1061.02 849.75,1061.29
             848.94,1061.29 836.50,1064.26 835.69,1062.64
             835.42,1062.10 837.32,1061.83 837.05,1061.56
             834.61,1059.67 833.53,1067.77 833.53,1058.31
             833.26,1054.53 835.96,1051.02 836.23,1047.24
             836.23,1046.70 835.15,1046.70 835.15,1045.89
             834.88,1044.54 835.42,1043.19 835.96,1041.84
             835.96,1041.84 839.75,1035.63 839.75,1035.63
             840.02,1034.01 840.29,1028.06 841.10,1026.17
             843.26,1021.85 848.67,1018.61 851.64,1013.48
             852.72,1011.59 836.50,1009.70 835.42,1008.89
             834.61,1008.08 835.15,1006.46 834.34,1005.65
             832.99,1004.57 824.34,1008.08 823.80,1007.27
             823.53,1006.46 824.61,1005.38 824.07,1004.84
             815.97,997.54 821.37,1008.62 818.13,1005.11
             815.43,1002.40 814.07,996.19 811.91,994.84
             811.10,994.03 809.48,994.84 808.94,994.03
             805.97,988.63 816.78,986.47 812.99,981.88
             812.45,981.07 805.97,980.53 804.62,974.85
             802.18,964.86 814.61,965.40 810.83,959.19
             810.02,957.84 807.59,958.11 807.05,956.49
             806.78,955.41 808.94,954.33 808.67,953.25
             808.67,952.44 807.05,953.52 806.51,952.98
             806.24,952.71 802.45,947.03 802.72,946.22
             802.99,945.14 804.89,945.14 805.16,944.06
             805.97,939.47 798.13,937.85 800.56,937.31
             801.37,937.04 801.91,938.12 802.45,938.12
             802.45,938.12 807.59,933.53 807.59,933.53
             807.86,932.18 804.34,933.80 805.43,931.64
             806.24,929.75 808.13,928.40 808.94,926.51
             811.37,920.56 805.43,916.24 803.80,913.27
             803.53,912.73 804.07,911.92 804.34,911.38
             804.34,910.84 803.80,910.03 804.34,909.76
             805.70,908.95 807.32,909.76 808.94,909.22
             809.48,908.95 808.40,907.33 808.94,907.60
             810.56,908.14 811.64,910.03 813.53,910.03
             815.43,910.30 822.72,907.87 823.53,905.98
             824.34,904.09 818.40,903.82 820.83,902.20
             825.15,899.23 830.29,898.15 829.21,891.39
             828.94,887.61 818.94,889.23 821.37,885.18
             821.64,884.37 822.99,885.18 822.99,884.64
             823.26,883.83 821.91,883.02 822.18,882.21
             822.18,881.67 822.99,881.67 823.53,881.67
             825.42,881.67 827.05,882.48 828.94,882.48
             831.10,882.48 829.21,878.16 830.02,876.00
             830.56,874.11 835.15,865.46 834.61,860.87
             835.42,860.60 836.23,860.06 837.05,858.98
             838.13,857.90 835.69,858.44 833.26,858.44
             833.26,858.44 833.26,858.44 833.26,858.44
             832.72,857.90 831.91,858.17 831.37,858.17
             830.83,858.17 830.56,857.90 830.29,857.63
             828.13,854.93 834.07,846.56 836.23,845.48
             837.59,844.67 839.21,846.29 840.56,846.29
             860.83,845.48 819.48,843.86 850.29,844.67
             850.56,844.67 851.37,844.94 851.64,845.21
             853.26,848.18 854.34,860.60 861.10,857.90
             863.26,857.09 858.94,838.45 865.15,838.45
             865.69,838.45 865.69,840.08 866.50,840.35
             867.31,840.89 868.66,840.89 869.75,840.89
             872.45,841.43 875.42,838.72 877.85,839.81
             879.74,840.62 879.74,843.32 880.83,844.94
             882.18,847.10 889.47,860.87 889.47,851.69
             889.47,849.80 885.42,850.34 883.80,848.72
             881.10,846.29 881.64,840.08 876.50,839.27
             875.69,839.27 869.48,840.62 870.02,836.83
             870.29,834.40 874.07,826.84 871.64,823.87
             870.83,823.06 864.88,826.03 864.07,823.06
             863.80,822.52 865.69,823.06 865.96,822.52
             866.50,821.98 864.07,820.90 864.61,820.90
             867.31,820.09 871.91,822.79 872.72,817.39
             872.72,816.85 866.50,810.09 865.96,809.01
             865.15,807.12 864.88,804.96 864.88,803.07
             866.77,803.34 870.02,803.07 870.83,803.07
             874.34,803.61 877.85,805.50 881.37,806.04
             881.10,806.85 881.10,807.12 881.64,806.85
             882.72,806.04 883.26,804.69 884.34,804.42
             884.88,804.42 884.07,805.77 884.34,806.31
             885.15,806.85 886.23,806.58 887.04,806.85
             888.93,807.12 890.83,807.12 892.18,807.93
             892.99,808.47 893.26,809.55 893.26,810.36
             893.26,810.63 892.72,810.36 892.72,810.36
             892.18,810.63 891.10,811.17 891.64,811.44
             891.91,811.99 893.26,810.90 893.53,811.44
             894.34,812.80 894.07,814.42 893.53,815.77
             892.99,817.12 889.20,817.93 890.28,819.28
             891.64,821.17 896.77,816.31 897.04,818.74
             897.31,820.36 894.34,823.33 895.96,823.87
             897.85,824.68 897.85,820.09 899.74,819.82
             901.36,819.55 907.58,824.95 908.93,824.41
             909.20,824.41 914.61,818.20 916.50,821.44
             920.28,828.46 901.36,835.75 911.63,836.83
             913.80,837.10 915.42,834.40 917.58,834.40
             920.28,834.67 917.31,842.51 923.25,838.45
             924.61,837.64 925.42,830.89 927.85,829.54
             931.36,827.65 935.15,826.84 936.77,830.62
             936.50,829.81 936.23,828.46 936.50,828.19
             938.12,826.30 940.28,825.49 941.63,823.87
             943.25,821.98 943.52,819.01 945.15,817.12
             945.69,816.58 949.20,817.93 952.44,819.01
             953.79,818.74 955.14,818.47 955.68,818.47
             957.58,818.47 956.50,822.25 957.58,823.87
             958.39,824.95 960.28,824.41 961.09,825.49
             962.71,826.84 963.52,830.62 965.95,830.35
             967.85,830.35 970.01,829.00 972.17,829.54
             972.98,829.81 971.09,831.16 971.09,831.97
             971.36,834.13 972.17,836.29 972.98,838.45
             973.79,840.62 976.49,841.43 978.66,842.24
             980.28,842.78 981.36,843.05 982.17,842.78M 957.58,821.98
           C 958.12,819.55 957.04,816.58 957.85,814.15
             958.66,811.72 966.77,818.74 965.14,816.31
             964.06,814.69 960.55,815.50 959.74,813.61
             959.47,811.99 961.90,810.63 962.98,809.28
             964.06,808.47 962.17,812.53 963.25,812.80
             965.14,813.34 967.04,812.53 968.66,813.07
             970.28,813.61 966.50,815.77 967.04,817.39
             967.58,819.28 970.01,819.55 970.82,821.44
             971.36,821.98 967.85,824.68 963.52,825.76
             961.36,826.57 959.47,823.33 957.58,821.98 Z" />
</svg>
