<?xml version="1.0" encoding="UTF-8" standalone="no"?>
<!DOCTYPE svg PUBLIC "-//W3C//DTD SVG 20010904//EN"
              "http://www.w3.org/TR/2001/REC-SVG-20010904/DTD/svg10.dtd">

<svg xmlns="http://www.w3.org/2000/svg"
     width="22.2222in" height="16.6667in"
     viewBox="0 0 2000 1500">
  <path id="se"
        fill="none" stroke="black" stroke-width="1"
        d="M 944.33,759.59
           C 942.17,756.07 940.82,753.37 941.36,752.83
             942.44,750.40 946.23,755.80 948.66,754.72
             950.82,753.91 943.25,750.67 944.33,748.51
             945.15,746.62 948.93,748.78 949.74,747.16
             951.09,745.27 950.28,742.57 949.20,740.68
             948.66,739.60 947.04,740.41 945.96,740.14
             943.79,739.33 944.33,735.55 942.71,733.66
             941.63,732.31 939.47,732.31 938.39,730.96
             937.85,729.88 938.66,728.52 938.12,727.44
             937.58,726.09 934.34,721.77 934.34,721.50
             934.34,720.96 935.42,720.69 935.15,720.42
             934.88,719.88 933.79,720.15 933.25,719.88
             931.90,718.80 930.82,717.18 930.01,715.83
             928.66,713.40 930.28,706.92 928.39,703.95
             927.85,703.14 925.96,704.22 925.15,703.41
             924.34,702.33 924.61,700.43 924.61,698.81
             924.07,694.76 931.63,685.31 928.12,680.99
             923.25,674.78 925.96,691.52 915.69,681.26
             914.07,679.64 916.77,674.78 916.77,672.88
             916.50,669.64 913.26,657.49 913.26,657.49
             914.34,656.14 917.04,658.57 918.66,658.30
             919.47,661.00 920.55,663.70 922.98,660.19
             928.93,651.82 921.36,641.01 922.98,636.15
             923.53,634.26 926.23,633.99 927.04,632.37
             927.58,631.29 927.04,629.94 926.50,628.86
             926.50,628.05 925.15,627.78 925.42,627.24
             925.96,625.35 934.61,624.81 937.04,618.59
             937.04,618.59 936.77,610.76 936.77,610.76
             939.74,595.37 932.71,598.34 931.36,586.72
             931.09,584.02 936.50,585.37 938.66,583.48
             938.66,583.48 941.63,572.68 941.63,572.68
             940.55,565.93 930.28,566.47 928.66,560.25
             927.31,554.58 931.63,547.02 931.09,541.08
             930.55,537.02 926.23,533.51 925.96,529.46
             925.69,527.84 927.04,525.95 927.04,524.33
             926.77,522.44 925.69,520.82 925.96,518.93
             925.96,517.31 927.85,516.23 927.85,514.61
             927.85,481.92 923.80,538.65 923.80,505.96
             923.80,502.99 927.58,501.10 927.85,498.13
             928.12,497.05 926.50,495.97 926.77,494.62
             927.58,490.30 933.52,481.11 937.04,478.95
             948.12,471.93 955.41,484.63 957.31,471.93
             959.20,458.70 947.85,461.40 949.47,456.54
             951.90,448.97 955.68,441.41 958.12,434.12
             958.39,433.04 959.74,432.77 960.01,431.69
             960.01,431.69 959.20,421.69 959.20,421.69
             959.20,421.42 960.55,413.32 960.55,413.32
             960.55,413.32 957.85,402.79 957.85,402.79
             958.93,400.36 963.25,402.79 965.41,401.71
             965.41,401.71 971.36,396.57 971.36,396.57
             972.17,394.14 968.66,391.98 969.20,389.55
             970.82,384.69 979.74,374.16 981.36,369.56
             984.33,362.27 977.30,361.73 976.22,355.79
             975.41,350.93 978.39,353.90 980.01,352.01
             982.17,349.31 982.17,345.52 982.71,342.55
             982.98,340.39 988.11,330.94 989.74,330.94
             989.74,330.94 998.38,334.72 998.38,334.72
             1003.79,332.56 997.03,317.16 998.65,315.00
             1002.44,310.14 1021.09,319.33 1023.52,317.70
             1032.44,312.03 1022.98,312.57 1022.71,310.14
             1021.90,306.90 1026.49,304.47 1026.49,301.23
             1026.49,299.34 1025.95,297.45 1025.14,295.83
             1024.33,294.48 1020.82,293.67 1021.63,292.32
             1022.71,290.42 1025.68,291.78 1027.84,291.24
             1027.84,291.24 1028.38,291.24 1028.38,291.24
             1029.19,291.78 1030.54,291.78 1031.63,292.59
             1034.87,294.75 1030.54,294.48 1032.71,295.83
             1037.30,299.34 1045.14,305.82 1050.00,307.98
             1055.68,310.41 1060.27,308.25 1065.41,313.38
             1066.49,314.19 1065.68,316.62 1066.76,317.16
             1067.57,317.43 1068.11,316.08 1068.65,316.35
             1070.81,317.16 1071.62,319.87 1073.24,321.49
             1073.78,322.03 1075.41,322.03 1075.14,322.84
             1072.16,328.51 1075.41,328.78 1076.22,335.26
             1076.49,336.34 1075.41,337.42 1075.41,338.50
             1074.87,341.74 1078.92,339.31 1080.27,340.39
             1083.78,343.09 1078.11,346.88 1079.73,349.58
             1081.35,353.36 1087.84,356.87 1088.38,361.19
             1088.65,364.43 1086.22,374.70 1086.49,376.05
             1088.92,384.69 1094.86,387.66 1098.11,394.68
             1097.30,395.76 1096.49,397.11 1095.40,397.65
             1094.32,398.19 1093.51,395.49 1092.16,395.76
             1091.62,396.03 1091.35,397.38 1090.81,397.38
             1088.65,397.65 1086.22,395.76 1084.32,396.84
             1082.97,397.65 1085.13,400.90 1083.78,401.71
             1078.11,405.22 1076.22,398.73 1072.16,397.92
             1071.62,397.92 1072.70,399.54 1072.70,400.36
             1072.70,400.90 1072.97,401.44 1072.70,401.98
             1072.43,403.87 1070.81,405.49 1071.35,407.11
             1071.35,407.38 1071.62,407.65 1071.89,407.92
             1070.00,407.38 1068.11,407.11 1066.49,406.30
             1065.68,406.03 1064.87,403.87 1064.60,404.68
             1064.06,407.65 1071.35,406.57 1071.89,409.54
             1072.43,411.16 1068.65,410.08 1067.03,410.89
             1066.76,411.16 1067.84,411.16 1068.38,411.16
             1068.65,411.43 1071.62,413.32 1070.00,414.67
             1069.73,414.94 1069.46,413.32 1068.92,413.59
             1068.65,413.86 1069.73,414.94 1069.19,415.21
             1067.03,416.56 1060.81,415.21 1059.73,419.26
             1059.73,420.07 1061.35,419.26 1061.89,419.53
             1063.79,420.88 1065.41,422.77 1066.22,424.93
             1067.84,429.80 1059.73,431.96 1059.46,437.36
             1059.19,443.84 1068.11,444.38 1070.27,449.24
             1070.54,449.51 1064.87,456.54 1063.79,458.97
             1062.16,462.21 1061.62,475.44 1058.38,475.98
             1057.84,475.98 1057.84,474.09 1057.30,474.36
             1055.41,474.63 1058.11,478.95 1056.22,479.76
             1055.41,480.30 1055.68,476.52 1054.87,477.06
             1054.60,477.06 1054.60,477.33 1054.60,477.60
             1054.60,477.60 1054.33,477.60 1054.33,477.60
             1053.79,478.41 1054.87,480.03 1054.06,480.57
             1053.25,481.65 1050.00,481.11 1049.19,482.74
             1048.38,483.82 1048.65,485.98 1047.30,486.52
             1045.68,487.06 1043.25,484.09 1042.17,485.44
             1041.08,487.06 1045.14,489.22 1044.33,491.11
             1043.52,492.46 1041.62,488.41 1040.54,489.22
             1039.19,490.30 1040.81,492.46 1040.54,494.08
             1040.27,495.97 1040.00,498.67 1038.11,499.75
             1036.49,500.56 1034.60,497.86 1032.71,498.13
             1031.63,498.13 1035.14,498.94 1035.41,500.02
             1035.68,500.56 1034.33,500.83 1033.79,500.83
             1033.25,500.83 1034.60,499.48 1034.06,498.94
             1033.52,498.67 1032.44,498.67 1032.17,499.21
             1031.90,500.02 1033.79,500.83 1033.25,501.64
             1032.71,502.18 1031.08,500.56 1030.27,501.37
             1029.73,501.91 1031.63,502.18 1031.90,502.99
             1031.90,503.26 1030.81,502.72 1030.54,502.99
             1030.00,504.07 1030.54,505.96 1029.73,506.77
             1028.65,507.85 1024.60,507.04 1025.68,507.85
             1027.30,509.20 1032.17,507.04 1031.63,508.93
             1030.81,511.10 1028.38,512.45 1027.03,514.34
             1026.49,514.88 1025.95,515.96 1025.14,516.23
             1024.33,516.50 1022.71,516.23 1022.71,515.42
             1022.98,514.61 1024.87,515.15 1025.14,514.34
             1025.95,512.72 1022.98,514.88 1021.90,515.15
             1022.17,515.96 1022.71,516.77 1023.25,517.58
             1024.06,519.47 1025.41,524.60 1023.25,524.06
             1022.71,524.06 1022.98,521.36 1022.44,521.90
             1021.63,523.25 1022.71,525.41 1021.63,526.76
             1021.36,527.57 1020.00,526.49 1019.19,526.49
             1017.30,526.76 1014.87,526.49 1013.25,527.57
             1008.92,530.81 1016.22,532.16 1019.46,535.94
             1019.73,536.21 1018.38,536.48 1018.11,536.21
             1018.11,535.94 1017.30,535.94 1017.30,536.21
             1017.03,538.38 1017.57,540.54 1017.30,542.70
             1017.03,544.05 1015.95,545.13 1015.68,546.48
             1015.41,548.10 1015.41,549.72 1015.95,551.34
             1015.95,551.61 1016.76,550.80 1017.03,551.07
             1018.11,552.96 1021.09,555.66 1019.46,557.28
             1017.84,558.90 1015.41,554.31 1013.25,555.12
             1007.03,557.28 1017.57,562.95 1016.76,568.90
             1016.76,569.98 1014.06,568.36 1014.06,569.17
             1013.79,570.52 1015.95,570.79 1016.22,571.87
             1016.49,572.41 1015.14,572.14 1015.14,572.68
             1015.14,573.76 1015.14,575.11 1015.68,576.19
             1015.95,577.27 1015.68,578.62 1016.22,579.70
             1016.49,580.24 1017.57,579.16 1017.57,579.70
             1017.84,579.97 1016.49,579.97 1016.22,580.24
             1015.95,580.78 1015.95,581.59 1016.22,582.13
             1016.76,583.48 1018.65,584.29 1018.92,585.91
             1019.19,587.53 1017.57,589.15 1017.84,590.77
             1017.84,591.31 1018.65,590.50 1019.19,590.77
             1020.00,591.04 1019.46,592.94 1020.27,592.94
             1023.25,592.94 1028.92,591.31 1031.63,592.94
             1032.71,593.48 1031.63,595.37 1032.17,596.45
             1032.98,598.07 1034.60,599.15 1036.22,600.23
             1036.49,600.50 1037.57,599.42 1037.84,599.96
             1038.38,600.50 1037.03,601.58 1037.57,601.85
             1037.84,601.85 1051.62,596.45 1044.33,604.55
             1043.25,605.90 1040.81,602.12 1039.19,602.66
             1037.84,603.20 1041.08,604.28 1041.89,605.36
             1042.98,606.98 1043.25,609.41 1044.87,610.49
             1045.68,610.76 1046.22,607.79 1047.30,608.33
             1048.65,608.87 1047.84,611.30 1048.92,612.11
             1052.98,616.70 1055.95,613.73 1055.14,621.03
             1054.87,623.73 1052.43,620.76 1052.16,620.76
             1050.81,621.03 1050.54,622.65 1049.46,623.46
             1047.03,626.16 1049.46,628.59 1041.89,632.10
             1041.62,632.37 1043.25,634.80 1043.25,635.07
             1042.71,635.88 1041.35,634.53 1040.27,634.80
             1038.38,635.07 1036.49,636.69 1034.33,636.69
             1032.17,636.69 1034.06,632.64 1034.06,630.75
             1034.33,628.86 1032.71,629.13 1031.90,628.05
             1031.90,627.78 1032.17,627.24 1031.90,626.70
             1030.81,625.08 1030.54,622.65 1028.65,621.84
             1027.30,621.30 1025.41,622.65 1024.60,624.00
             1024.33,624.81 1026.76,623.73 1027.03,624.27
             1028.11,626.16 1027.30,628.59 1028.38,630.21
             1029.19,631.56 1033.25,631.29 1032.44,632.64
             1029.19,638.85 1021.36,629.40 1019.73,629.94
             1017.57,630.48 1016.49,633.45 1014.06,633.45
             1012.44,633.45 1012.17,629.94 1010.55,630.21
             1009.19,630.48 1010.55,633.18 1009.74,634.53
             1009.46,635.07 1008.65,633.99 1007.84,633.99
             1005.68,634.26 1003.25,634.26 1001.36,635.34
             1000.82,635.61 1002.17,636.42 1002.71,636.96
             1004.87,638.31 1007.57,636.15 1009.19,635.61
             1011.90,635.34 1014.60,638.85 1017.03,638.04
             1018.11,637.50 1014.87,634.26 1016.22,634.53
             1017.84,634.53 1018.38,637.50 1020.00,638.31
             1021.63,638.85 1024.06,636.96 1025.41,638.31
             1026.22,639.12 1023.25,640.74 1023.79,642.09
             1024.33,642.90 1026.49,642.36 1027.30,641.55
             1027.84,641.01 1025.68,639.66 1026.22,639.39
             1027.57,638.85 1028.65,640.47 1029.73,640.74
             1031.90,641.28 1033.79,642.63 1035.68,641.82
             1037.03,641.28 1035.95,638.31 1037.03,637.50
             1038.38,636.69 1040.27,638.31 1041.62,637.50
             1043.52,636.69 1043.79,633.18 1045.95,632.91
             1047.57,632.64 1050.27,635.34 1049.46,636.69
             1048.11,638.58 1044.87,636.69 1042.71,637.50
             1042.44,637.50 1043.25,638.31 1043.52,638.58
             1044.33,640.20 1045.95,641.82 1045.95,643.71
             1046.22,644.25 1044.60,643.44 1044.06,643.98
             1042.17,645.06 1040.00,646.14 1038.92,648.04
             1037.84,649.93 1038.65,652.36 1037.84,654.25
             1037.30,655.33 1036.49,650.20 1035.14,650.74
             1034.33,651.28 1036.49,654.25 1035.68,653.71
             1032.98,652.63 1036.76,643.44 1032.44,643.98
             1032.44,643.98 1033.25,655.87 1028.38,659.38
             1026.76,660.46 1024.33,659.65 1022.44,659.92
             1021.63,660.19 1024.60,660.73 1024.60,661.54
             1025.68,664.78 1021.63,662.62 1021.09,663.16
             1020.55,663.43 1022.71,663.43 1022.71,664.24
             1022.98,664.51 1021.90,663.97 1021.36,664.24
             1021.09,664.51 1020.82,665.05 1020.55,665.05
             1020.00,665.05 1006.22,663.16 1007.30,665.59
             1007.57,666.13 1008.38,666.13 1009.19,666.13
             1009.46,666.13 1009.74,665.32 1010.01,665.32
             1010.55,665.59 1010.55,667.21 1011.36,666.94
             1011.90,666.94 1011.09,665.32 1011.90,665.32
             1016.22,664.24 1019.73,665.32 1021.63,669.64
             1021.63,670.18 1020.27,669.37 1020.00,669.64
             1018.92,670.72 1021.36,672.34 1018.38,672.34
             1016.22,672.34 1013.52,669.37 1012.17,670.99
             1010.82,672.61 1016.22,671.80 1017.84,672.88
             1018.92,673.69 1021.09,678.56 1020.27,679.91
             1019.73,680.99 1017.03,679.10 1016.76,680.18
             1016.49,681.53 1022.44,688.82 1020.55,691.25
             1019.19,692.87 1015.95,690.44 1014.06,691.25
             1013.25,691.25 1014.33,692.33 1014.87,692.87
             1015.95,694.22 1020.27,695.57 1020.27,697.73
             1020.27,699.62 1016.76,700.70 1017.03,702.87
             1017.03,704.49 1019.73,704.49 1020.82,705.84
             1021.09,706.38 1019.73,706.38 1019.46,706.65
             1018.38,708.54 1017.30,710.70 1017.03,712.86
             1016.49,714.48 1020.27,720.42 1020.00,720.96
             1019.46,721.50 1018.11,720.42 1017.30,721.23
             1015.14,723.39 1019.73,727.71 1018.92,731.23
             1018.92,732.04 1016.76,731.23 1016.49,732.04
             1015.95,732.85 1017.84,733.93 1017.30,734.74
             1014.33,743.65 1015.68,728.25 1014.33,737.44
             1013.52,743.11 1013.25,752.02 1008.65,756.34
             1008.38,756.61 1007.57,756.34 1007.30,755.80
             1007.30,755.26 1008.11,754.72 1007.84,754.18
             1007.84,753.37 1003.25,753.91 1003.25,753.91
             1002.98,753.64 1003.79,752.56 1003.52,752.56
             1000.82,752.83 1000.55,754.18 999.20,755.53
             996.76,757.43 998.38,753.37 997.57,753.64
             995.68,754.72 993.25,755.26 992.71,755.26
             991.36,755.53 990.28,754.99 988.93,754.99
             987.84,754.99 986.22,754.18 985.95,755.26
             985.41,756.89 988.39,758.51 987.57,759.86
             986.22,761.21 983.79,759.59 981.90,760.13
             980.28,760.67 980.01,762.56 979.20,763.91
             972.17,774.17 981.09,770.93 980.82,777.95
             980.55,780.11 979.20,782.00 977.58,783.62
             976.22,784.98 971.90,782.27 971.09,782.27
             964.60,781.73 966.50,786.33 959.74,786.33
             957.58,786.33 955.68,784.98 953.79,784.71
             952.71,784.71 951.09,785.52 950.01,784.98
             948.12,783.89 952.98,783.08 952.98,783.08
             952.98,781.46 951.36,780.11 951.63,778.49
             951.63,776.87 953.79,776.06 954.33,774.71
             954.33,774.71 949.47,767.96 945.69,762.02
             945.42,763.10 945.58,763.20 945.72,765.53
             945.99,771.20 949.47,770.93 943.52,776.33M 939.20,782.81
           C 941.36,784.16 944.87,784.98 943.79,787.41
             943.79,787.95 943.25,788.49 942.44,788.76M 938.12,779.84
           C 938.12,779.84 938.12,779.84 938.12,779.84
             938.12,779.84 938.12,779.84 938.12,779.84
             938.12,779.84 938.12,779.84 938.12,779.84 Z
           M 945.68,762.00
           C 945.68,761.46 944.57,760.09 944.30,759.55M 1028.11,709.35
           C 1028.65,708.54 1029.73,708.81 1030.54,708.54
             1028.65,712.86 1024.87,731.50 1024.06,737.17
             1023.79,738.52 1024.87,749.05 1021.36,749.32
             1020.82,749.32 1019.73,737.17 1019.73,736.36
             1020.27,728.52 1025.68,724.47 1027.03,717.18
             1027.57,713.94 1025.68,712.59 1028.11,709.35 Z
           M 1064.60,702.06
           C 1064.60,703.68 1062.43,703.95 1061.35,705.03
             1057.84,709.08 1064.06,706.11 1058.92,710.16
             1054.87,713.13 1057.30,713.13 1055.14,717.18
             1054.33,718.53 1052.43,722.58 1051.62,720.96
             1050.81,719.34 1052.98,717.18 1053.79,715.29
             1053.52,715.56 1053.25,716.10 1052.98,716.10
             1052.70,716.10 1052.70,715.29 1052.70,715.02
             1052.43,713.13 1049.73,709.89 1049.73,709.35
             1049.73,707.73 1050.81,706.11 1050.81,704.49
             1050.54,702.60 1048.92,701.24 1048.92,699.35
             1048.65,698.00 1056.76,685.04 1057.84,684.50
             1059.73,683.69 1061.89,684.50 1063.79,684.23
             1066.76,688.55 1063.24,689.09 1060.81,694.76
             1057.84,701.78 1064.60,699.62 1064.60,702.06 Z
           M 1073.78,408.73
           C 1074.32,409.00 1074.60,409.27 1075.14,409.54
             1075.41,409.81 1074.60,409.27 1073.78,408.73 Z
           M 1055.14,480.57
           C 1055.14,481.11 1055.14,480.30 1054.87,479.49
             1055.14,479.76 1055.14,480.30 1055.14,480.57 Z" />
</svg>
