<?xml version="1.0" encoding="UTF-8" standalone="no"?>
<!DOCTYPE svg PUBLIC "-//W3C//DTD SVG 20010904//EN"
              "http://www.w3.org/TR/2001/REC-SVG-20010904/DTD/svg10.dtd">

<svg xmlns="http://www.w3.org/2000/svg"
     width="22.2222in" height="16.6667in"
     viewBox="0 0 2000 1500">
  <path id="ua"
        fill="none" stroke="black" stroke-width="1"
        d="M 1557.80,946.22
           C 1557.80,946.22 1557.80,945.95 1557.80,945.95
             1555.64,943.52 1556.99,942.71 1557.53,940.28
             1558.07,937.31 1554.29,941.09 1554.29,939.47
             1554.56,937.58 1552.94,931.10 1553.75,929.48
             1554.02,929.48 1561.86,922.19 1561.86,922.19
             1562.40,921.10 1561.05,919.75 1561.05,918.67
             1560.78,917.59 1560.51,916.24 1561.32,915.16
             1565.37,910.30 1578.07,912.46 1581.85,906.79
             1582.67,905.71 1581.31,904.09 1580.77,902.74
             1580.50,902.20 1579.42,901.93 1579.42,901.39
             1579.42,900.58 1581.04,900.58 1581.04,900.04
             1581.04,899.23 1579.96,898.69 1579.69,897.88
             1579.42,896.53 1579.69,894.91 1579.96,893.28
             1579.96,892.74 1580.77,892.20 1580.77,891.66
             1581.85,888.42 1576.99,891.39 1576.99,891.39
             1576.18,890.85 1577.80,889.50 1577.53,888.42
             1576.45,886.53 1574.83,884.64 1573.48,883.02
             1571.59,881.13 1568.61,885.72 1568.34,882.75
             1566.99,874.11 1567.80,876.54 1572.67,874.38
             1572.94,874.11 1575.10,869.52 1573.48,870.06
             1569.69,870.87 1567.80,873.57 1564.56,870.87
             1561.05,867.90 1567.26,867.09 1568.07,865.73
             1568.88,864.92 1567.80,863.57 1568.07,862.76
             1568.88,859.25 1572.13,857.36 1568.88,853.85
             1567.80,852.50 1565.91,852.23 1564.83,851.15
             1563.48,849.53 1566.72,846.02 1564.56,845.75
             1559.42,845.48 1562.67,849.80 1558.61,850.61
             1544.83,852.77 1562.13,848.72 1551.05,846.83
             1547.53,846.29 1547.26,850.34 1544.29,848.45
             1543.21,847.91 1542.40,846.56 1541.59,845.75
             1539.16,844.13 1540.24,850.34 1537.26,850.34
             1535.37,850.34 1533.48,849.80 1531.59,848.99
             1530.78,848.45 1530.24,846.56 1529.16,846.83
             1527.80,846.83 1527.26,849.53 1525.64,849.53
             1523.75,849.53 1522.40,847.64 1520.24,847.37
             1513.21,846.29 1523.75,856.82 1516.45,855.47
             1514.56,855.20 1514.02,852.77 1512.40,851.96
             1511.32,851.42 1509.70,852.23 1508.35,851.69
             1504.29,850.34 1501.32,845.21 1497.81,842.51
             1496.73,841.70 1486.73,851.96 1483.21,856.82
             1482.13,858.44 1479.43,855.47 1477.54,855.20
             1476.46,855.20 1476.46,856.82 1475.65,857.36
             1474.30,858.17 1473.21,854.93 1471.59,854.39
             1465.11,852.77 1463.76,862.22 1459.16,859.79
             1457.27,858.98 1455.65,857.90 1454.30,856.55
             1453.22,855.47 1452.13,854.12 1451.86,852.50
             1451.86,851.69 1453.49,851.42 1453.22,850.61
             1453.22,849.53 1446.19,843.32 1445.92,842.51
             1445.65,841.70 1447.27,840.35 1446.73,839.81
             1446.46,839.54 1445.92,839.54 1445.65,839.54
             1444.57,839.81 1443.76,840.62 1442.68,840.62
             1440.78,840.89 1440.51,837.64 1439.43,836.29
             1439.16,835.75 1438.62,835.75 1438.08,836.02
             1437.00,836.56 1431.33,840.08 1430.24,840.08
             1429.70,840.35 1429.70,838.72 1428.89,838.72
             1427.00,838.72 1425.11,838.99 1423.49,839.54
             1422.95,839.81 1421.33,843.59 1419.97,840.89
             1419.70,840.35 1420.79,839.81 1420.79,839.27
             1421.06,838.45 1421.06,837.37 1420.52,836.83
             1419.70,836.02 1418.62,836.56 1417.81,835.75
             1416.46,834.94 1418.08,832.24 1417.00,831.16
             1415.92,829.81 1412.14,829.00 1412.95,827.38
             1414.03,826.03 1420.25,824.68 1418.62,822.25
             1416.46,819.01 1411.33,819.28 1409.71,817.93
             1408.62,817.12 1407.81,816.04 1407.54,814.96
             1407.00,813.88 1407.81,812.53 1407.27,811.99
             1406.19,810.90 1404.57,810.90 1403.49,810.09
             1401.87,809.01 1401.06,806.85 1399.17,806.58
             1397.00,806.04 1396.19,810.90 1393.76,810.90
             1392.95,810.90 1393.22,809.01 1392.41,809.01
             1381.87,808.20 1388.36,814.15 1382.14,816.85
             1382.14,816.85 1370.52,817.66 1370.25,817.66
             1369.71,817.66 1371.60,825.76 1369.17,828.19
             1367.55,829.54 1365.65,830.89 1363.49,831.16
             1362.68,831.16 1362.95,829.54 1362.14,829.00
             1361.60,828.73 1360.79,830.08 1360.25,829.81
             1357.28,830.62 1353.76,830.35 1351.33,831.97
             1350.25,832.51 1350.79,834.40 1349.71,834.94
             1348.09,835.75 1345.93,834.94 1344.03,835.48
             1342.95,835.75 1341.06,838.45 1339.71,846.02
             1339.44,847.91 1338.90,853.04 1338.90,855.20
             1338.90,858.17 1349.71,865.46 1342.95,866.82
             1335.93,868.44 1339.17,861.68 1332.95,861.14
             1320.52,860.33 1335.39,863.30 1326.47,864.92
             1325.12,865.19 1323.77,863.30 1322.14,863.57
             1317.82,864.65 1320.25,869.25 1316.47,870.33
             1314.31,870.87 1312.15,863.30 1309.98,862.22
             1307.82,861.14 1305.39,864.92 1303.77,867.09
             1302.69,868.44 1304.85,872.49 1303.23,872.22
             1297.55,870.87 1305.93,872.49 1298.90,867.63
             1295.12,864.92 1296.47,870.33 1294.04,870.33
             1287.28,870.33 1293.23,867.90 1290.80,866.27
             1289.17,865.46 1289.17,869.52 1288.09,870.60
             1286.47,872.49 1284.04,870.06 1282.69,870.33
             1281.34,870.33 1282.69,875.19 1281.34,876.00
             1281.07,876.54 1280.26,875.73 1279.72,875.19
             1276.20,873.30 1285.93,868.71 1275.12,871.68
             1271.88,872.49 1276.74,876.81 1269.99,874.11
             1269.18,873.84 1270.80,872.22 1270.26,871.68
             1269.72,871.14 1268.63,872.49 1268.09,872.22
             1266.47,870.87 1268.63,868.17 1265.66,868.98
             1259.45,870.60 1251.07,871.41 1244.31,870.60
             1243.50,870.33 1243.23,869.25 1242.42,869.25
             1238.64,868.98 1234.85,871.41 1230.80,871.95
             1229.45,871.95 1228.10,871.95 1226.75,871.95
             1225.39,871.95 1224.04,871.41 1222.69,871.68
             1219.18,872.76 1216.75,875.46 1213.50,876.81
             1211.34,877.62 1208.64,877.08 1206.48,878.16
             1205.40,878.97 1201.61,891.66 1198.91,890.85
             1198.10,890.58 1198.10,889.23 1197.56,889.23
             1195.94,888.96 1194.05,888.96 1192.69,889.50
             1188.37,890.85 1194.86,893.28 1191.61,894.10
             1191.61,894.10 1191.34,894.37 1191.34,894.37
             1191.34,894.37 1191.34,894.10 1191.34,894.10
             1192.15,895.18 1193.23,895.99 1193.78,897.07
             1194.32,898.69 1193.23,900.58 1193.78,901.93
             1196.21,907.06 1204.04,912.19 1208.37,915.43
             1209.18,916.24 1202.96,915.97 1204.32,918.67
             1204.59,918.94 1209.99,923.81 1209.99,925.97
             1209.18,935.69 1206.21,929.75 1201.34,933.80
             1199.18,935.69 1182.70,966.21 1183.51,968.37
             1184.05,971.34 1186.75,973.50 1187.56,976.21
             1187.83,977.56 1185.67,979.45 1186.75,980.53
             1191.34,986.20 1188.64,975.39 1191.88,985.66
             1192.15,986.20 1191.07,984.85 1190.53,984.58
             1189.18,984.31 1187.83,984.85 1186.48,984.85
             1185.67,984.58 1184.59,984.58 1183.78,984.31
             1184.05,987.01 1182.15,990.79 1181.88,993.49
             1181.61,995.38 1181.88,997.27 1181.07,998.89
             1180.26,1000.78 1177.83,1001.32 1177.56,1003.21
             1177.02,1005.11 1178.37,1007.00 1178.37,1009.16
             1184.59,1009.43 1180.53,1012.40 1184.86,1014.02
             1185.67,1014.29 1186.75,1012.94 1187.56,1013.48
             1189.18,1014.56 1189.45,1017.26 1191.07,1018.34
             1192.15,1018.61 1192.96,1017.26 1194.05,1016.99
             1194.86,1016.99 1195.67,1017.53 1196.21,1017.80
             1199.72,1020.23 1195.40,1019.69 1198.64,1022.39
             1199.45,1022.93 1201.07,1021.85 1202.96,1016.72
             1203.23,1016.18 1203.23,1015.37 1203.77,1015.37
             1204.59,1015.37 1211.34,1018.61 1212.15,1018.61
             1212.69,1018.61 1212.96,1017.26 1213.50,1016.99
             1217.02,1015.64 1225.94,1019.15 1230.26,1018.07
             1232.69,1017.26 1234.31,1015.10 1236.75,1014.83
             1241.07,1014.56 1244.04,1020.23 1247.01,1021.04
             1251.07,1022.39 1252.42,1014.83 1253.50,1013.75
             1258.37,1008.62 1270.80,1009.16 1274.58,1005.38
             1281.88,998.35 1271.34,1004.30 1276.47,997.54
             1277.82,995.92 1279.99,994.57 1282.15,994.03
             1282.15,994.03 1282.42,993.22 1282.42,993.22
             1282.42,993.22 1283.50,990.79 1283.50,990.79
             1283.50,990.52 1283.50,990.25 1283.50,990.25
             1283.50,990.25 1283.77,989.17 1283.77,989.17
             1283.77,989.17 1286.47,989.71 1286.47,989.71
             1286.20,989.17 1285.66,988.63 1285.66,988.09
             1285.66,987.82 1295.93,986.47 1296.47,986.20
             1301.61,983.77 1299.98,979.72 1307.28,980.26
             1310.25,980.53 1313.50,981.61 1315.93,983.50
             1316.74,984.04 1315.93,985.93 1316.74,985.93
             1318.63,985.93 1320.52,984.04 1322.68,983.77
             1323.77,983.50 1322.41,986.20 1322.68,987.28
             1323.23,989.44 1324.58,985.39 1325.12,985.93
             1325.93,987.01 1325.93,988.36 1326.74,989.17
             1327.82,990.25 1326.74,985.66 1328.36,985.12
             1337.55,982.69 1333.49,988.09 1339.98,990.79
             1342.68,991.87 1340.79,986.47 1343.22,987.82
             1349.44,991.87 1345.12,997.54 1347.01,1003.48
             1347.28,1004.84 1354.03,1009.70 1355.66,1010.24
             1358.90,1011.32 1354.84,1005.38 1358.63,1007.54
             1363.49,1010.24 1357.28,1017.80 1360.79,1015.64
             1362.14,1014.83 1361.33,1019.15 1362.41,1020.23
             1364.03,1021.31 1370.79,1021.58 1372.41,1022.93
             1372.41,1022.93 1375.11,1031.31 1375.11,1031.31
             1375.11,1031.85 1373.49,1031.85 1373.76,1032.39
             1374.30,1034.28 1380.52,1035.09 1380.52,1035.36
             1378.90,1036.44 1377.01,1036.71 1375.65,1037.79
             1375.11,1038.33 1375.38,1038.87 1375.11,1039.41
             1373.76,1040.76 1372.41,1035.63 1370.25,1035.63
             1368.63,1035.63 1370.25,1040.76 1368.63,1040.49
             1367.55,1040.22 1364.03,1037.52 1364.03,1037.52
             1363.49,1038.33 1363.76,1039.95 1362.68,1040.22
             1362.14,1040.49 1361.87,1038.33 1361.60,1038.87
             1360.25,1039.95 1360.52,1041.84 1359.71,1042.92
             1359.44,1043.19 1358.90,1042.92 1358.63,1042.65
             1358.63,1042.11 1359.17,1041.84 1359.17,1041.30
             1358.90,1039.95 1358.36,1038.60 1357.82,1037.52
             1356.74,1035.63 1354.30,1039.68 1352.95,1041.30
             1349.17,1045.62 1355.93,1047.78 1356.47,1049.94
             1356.74,1051.29 1355.39,1052.64 1355.39,1053.99
             1355.39,1055.34 1357.01,1056.42 1356.47,1057.50
             1355.93,1058.59 1354.03,1058.59 1352.95,1059.67
             1350.52,1061.56 1354.30,1062.64 1352.95,1064.53
             1351.87,1065.88 1350.25,1066.69 1349.44,1067.77
             1347.01,1071.55 1351.06,1077.49 1349.17,1077.76
             1347.82,1078.03 1346.47,1077.49 1345.12,1077.76
             1345.12,1077.76 1345.39,1077.76 1345.39,1077.76
             1345.39,1077.76 1344.03,1079.65 1344.03,1079.65
             1344.03,1080.46 1343.76,1081.27 1343.22,1081.00
             1343.76,1081.27 1344.58,1080.73 1345.12,1081.27
             1345.93,1082.08 1345.66,1083.70 1346.74,1084.51
             1347.82,1085.59 1359.44,1086.14 1359.17,1084.78
             1359.17,1084.51 1355.39,1083.70 1358.09,1082.08
             1359.71,1081.27 1361.60,1081.54 1363.22,1080.73
             1365.92,1079.38 1367.01,1075.60 1369.98,1074.52
             1375.92,1072.36 1378.90,1074.52 1380.25,1079.65
             1380.79,1078.03 1382.95,1071.82 1379.71,1070.74
             1379.17,1070.47 1379.98,1071.82 1379.44,1071.82
             1379.17,1072.09 1379.17,1071.01 1378.90,1070.74
             1377.28,1070.20 1378.36,1075.06 1376.46,1071.55
             1374.84,1069.12 1375.11,1065.34 1374.84,1062.64
             1374.84,1061.56 1372.95,1058.86 1374.03,1059.40
             1376.46,1060.21 1375.92,1066.42 1378.36,1065.61
             1386.46,1062.37 1381.06,1061.56 1381.06,1058.04
             1381.06,1057.50 1381.60,1059.13 1382.14,1058.86
             1382.95,1058.59 1380.79,1056.42 1381.60,1055.88
             1382.95,1055.34 1384.57,1056.42 1385.92,1055.88
             1387.00,1055.61 1387.82,1054.53 1388.36,1053.45
             1390.52,1048.59 1392.95,1042.65 1394.57,1037.25
             1394.84,1036.17 1392.68,1035.09 1393.22,1034.01
             1393.49,1033.20 1395.11,1032.93 1395.65,1032.12
             1397.54,1028.60 1392.14,1029.14 1394.30,1026.17
             1400.25,1018.61 1408.35,1021.85 1408.35,1019.42
             1408.62,1017.26 1405.65,1014.29 1407.54,1012.94
             1408.89,1011.86 1408.08,1017.26 1409.98,1018.34
             1410.79,1019.15 1411.87,1016.99 1413.22,1016.72
             1414.57,1016.45 1416.19,1016.72 1417.81,1016.45
             1421.33,1015.91 1417.00,1009.97 1417.00,1009.97
             1416.73,1006.73 1419.43,1007.27 1417.81,1004.57
             1418.62,1004.57 1419.43,1004.30 1419.43,1004.84
             1419.70,1020.50 1428.62,1015.37 1437.00,1009.70
             1438.08,1008.89 1434.57,1011.59 1433.49,1012.67
             1432.14,1014.29 1434.03,1017.26 1431.60,1017.53
             1427.00,1018.34 1421.87,1018.61 1417.27,1019.15
             1417.00,1019.15 1410.25,1019.15 1411.06,1019.96
             1412.68,1021.31 1414.30,1023.20 1416.46,1023.74
             1417.27,1024.01 1415.92,1021.58 1416.73,1021.31
             1418.35,1020.50 1420.25,1021.58 1422.14,1021.31
             1422.68,1021.31 1424.84,1019.96 1425.11,1021.58
             1425.65,1024.28 1418.89,1026.17 1420.79,1028.06
             1421.60,1029.14 1431.06,1026.98 1432.41,1027.25
             1433.22,1027.52 1432.41,1029.41 1433.22,1029.68
             1435.11,1030.49 1437.54,1030.76 1439.70,1029.95
             1441.87,1029.41 1442.95,1026.71 1444.84,1025.90
             1446.73,1024.82 1449.16,1025.36 1450.78,1024.55
             1451.32,1024.28 1450.24,1022.93 1450.78,1022.66
             1451.32,1022.12 1452.40,1023.47 1452.95,1023.20
             1454.30,1022.66 1453.49,1018.88 1454.84,1019.42
             1457.27,1019.96 1459.43,1025.09 1461.32,1023.47
             1462.67,1022.12 1462.40,1019.69 1464.03,1018.61
             1468.62,1015.91 1463.76,1023.20 1466.73,1025.90
             1467.81,1026.71 1470.51,1023.47 1470.24,1024.82
             1470.24,1025.63 1461.86,1034.28 1460.24,1035.09
             1459.43,1035.36 1458.62,1034.01 1457.81,1034.55
             1457.54,1035.09 1459.16,1035.63 1458.89,1036.17
             1458.89,1036.17 1453.22,1041.30 1452.95,1041.30
             1452.40,1041.84 1451.86,1042.65 1451.59,1043.46
             1451.59,1044.00 1452.40,1044.27 1452.40,1044.54
             1452.13,1044.81 1442.41,1051.56 1445.92,1052.91
             1452.68,1055.61 1451.32,1051.02 1457.00,1051.02
             1458.89,1051.29 1464.84,1056.15 1466.73,1055.34
             1469.16,1054.53 1471.05,1051.56 1474.30,1054.80
             1481.59,1062.37 1475.38,1061.29 1476.73,1065.61
             1478.08,1069.39 1479.97,1070.74 1479.70,1071.01
             1478.62,1072.09 1474.84,1072.09 1475.38,1073.71
             1476.19,1075.60 1479.70,1074.52 1481.59,1075.33
             1483.48,1075.87 1483.48,1077.76 1485.92,1077.76
             1499.43,1076.14 1496.73,1060.48 1505.37,1054.53
             1507.00,1053.18 1508.62,1052.10 1510.78,1051.83
             1511.86,1051.83 1513.21,1053.18 1514.02,1052.64
             1515.91,1050.75 1514.29,1046.97 1516.18,1045.35
             1518.08,1044.00 1519.16,1044.54 1519.70,1042.11
             1519.97,1041.84 1519.16,1042.11 1518.89,1041.84
             1517.54,1040.49 1519.70,1037.79 1520.51,1037.52
             1521.86,1036.71 1523.75,1036.71 1525.37,1036.98
             1526.99,1037.25 1528.08,1039.41 1529.70,1039.14
             1531.59,1038.87 1532.13,1036.44 1533.75,1035.63
             1535.10,1035.09 1536.72,1035.63 1538.07,1035.09
             1543.48,1033.20 1539.16,1028.06 1539.70,1023.74
             1540.24,1021.58 1543.48,1019.42 1542.13,1017.80
             1542.13,1017.80 1531.05,1019.96 1530.78,1020.23
             1529.16,1021.31 1530.51,1024.55 1528.89,1025.36
             1527.80,1025.90 1526.45,1025.36 1525.37,1024.82
             1524.56,1024.55 1524.83,1022.93 1524.02,1022.93
             1522.13,1022.93 1523.75,1026.98 1522.67,1028.60
             1521.32,1029.95 1519.97,1031.58 1518.08,1032.12
             1513.48,1033.47 1498.35,1018.88 1495.92,1015.64
             1495.10,1014.83 1491.32,1008.08 1491.86,1007.54
             1493.48,1006.46 1495.10,1010.51 1497.00,1010.24
             1503.21,1009.16 1501.59,996.73 1504.02,992.95
             1504.83,991.87 1506.46,991.60 1507.00,990.52
             1508.35,988.63 1508.35,986.20 1509.70,984.58
             1513.75,979.18 1515.91,979.72 1519.43,981.34
             1519.70,981.61 1519.70,980.80 1519.97,980.53
             1522.40,977.83 1519.43,972.69 1525.91,972.42
             1528.08,972.15 1529.43,976.48 1531.05,975.39
             1532.94,974.31 1530.51,971.07 1531.32,968.91
             1531.32,968.37 1537.53,961.35 1537.80,961.35
             1538.88,960.81 1540.24,963.51 1540.78,962.70
             1541.32,961.89 1541.59,954.60 1543.21,953.25
             1545.37,951.63 1552.13,948.93 1554.83,948.38
             1555.64,948.38 1555.91,951.09 1556.45,950.28
             1557.26,949.20 1556.99,947.30 1557.80,946.22 Z" />
</svg>
