<?xml version="1.0" encoding="UTF-8" standalone="no"?>
<!DOCTYPE svg PUBLIC "-//W3C//DTD SVG 20010904//EN"
              "http://www.w3.org/TR/2001/REC-SVG-20010904/DTD/svg10.dtd">

<svg xmlns="http://www.w3.org/2000/svg"
     width="22.2222in" height="16.6667in"
     viewBox="0 0 2000 1500">
  <path id="il"
        fill="none" stroke="black" stroke-width="1"
        d="M 1665.36,1495.87
           C 1665.63,1496.41 1665.63,1496.95 1665.63,1497.50
             1665.63,1497.50 1635.63,1497.50 1635.63,1497.50
             1635.63,1497.50 1637.53,1496.41 1637.53,1496.41
             1637.53,1496.41 1637.53,1496.14 1637.53,1496.14
             1639.15,1488.04 1639.15,1479.40 1638.61,1471.57
             1638.34,1466.70 1636.72,1461.84 1637.26,1457.25
             1637.53,1455.09 1639.42,1457.79 1640.23,1454.82
             1640.77,1451.85 1638.61,1449.15 1638.61,1446.18
             1641.04,1445.37 1648.34,1444.56 1649.96,1442.13
             1650.23,1441.85 1649.96,1435.37 1650.23,1435.10
             1650.50,1434.83 1651.31,1436.18 1651.85,1435.91
             1652.39,1435.64 1652.93,1435.10 1653.47,1434.56
             1653.47,1434.56 1653.47,1434.56 1653.47,1434.56
             1653.47,1434.56 1653.20,1435.37 1653.20,1435.37
             1653.47,1435.91 1658.07,1451.58 1658.07,1451.58
             1658.07,1451.58 1653.47,1435.91 1653.20,1435.37
             1653.20,1435.37 1657.25,1452.39 1657.25,1452.39
             1657.25,1452.93 1656.71,1453.47 1656.71,1454.01
             1656.98,1454.28 1658.07,1454.28 1658.07,1454.82
             1658.07,1455.36 1656.44,1455.63 1656.44,1456.44
             1655.90,1461.30 1657.52,1460.22 1658.61,1463.73
             1658.88,1464.27 1658.88,1464.81 1658.61,1465.08
             1658.61,1465.08 1658.07,1465.89 1658.07,1465.89
             1658.07,1465.89 1658.61,1465.08 1658.61,1465.08
             1660.23,1471.84 1666.98,1489.66 1665.36,1495.87
             1665.36,1495.87 1665.36,1495.87 1665.36,1495.87 Z" />
</svg>
