<?xml version="1.0" encoding="UTF-8" standalone="no"?>
<!DOCTYPE svg PUBLIC "-//W3C//DTD SVG 20010904//EN"
              "http://www.w3.org/TR/2001/REC-SVG-20010904/DTD/svg10.dtd">

<svg xmlns="http://www.w3.org/2000/svg"
     width="22.2222in" height="16.6667in"
     viewBox="0 0 2000 1500">
  <path id="sa"
        fill="none" stroke="black" stroke-width="1"
        d="M 1997.50,1442.13
           C 1987.77,1446.72 1975.07,1450.50 1969.12,1453.20
             1965.61,1454.55 1960.21,1458.06 1956.42,1458.06
             1948.31,1458.60 1937.23,1453.20 1929.40,1451.04
             1913.18,1446.72 1897.24,1442.13 1881.02,1437.80
             1873.72,1435.91 1865.89,1432.40 1858.32,1431.59
             1856.43,1431.32 1854.81,1431.59 1852.92,1431.59
             1849.40,1431.59 1845.89,1431.59 1842.38,1431.59
             1840.48,1431.59 1838.86,1431.86 1836.97,1431.59
             1825.35,1430.78 1813.19,1424.84 1801.57,1425.11
             1790.22,1425.38 1777.25,1430.51 1765.90,1432.94
             1760.22,1444.56 1731.03,1463.73 1723.20,1469.40
             1719.68,1472.11 1709.14,1478.86 1709.41,1479.67
             1709.41,1481.02 1711.85,1480.75 1713.20,1481.56
             1714.55,1482.37 1716.17,1483.18 1717.52,1483.99
             1721.03,1485.88 1734.28,1492.63 1742.38,1497.50
             1742.38,1497.50 1997.50,1497.50 1997.50,1497.50
             1997.50,1497.50 1997.50,1442.13 1997.50,1442.13 Z" />
</svg>
