<?xml version="1.0" encoding="UTF-8" standalone="no"?>
<!DOCTYPE svg PUBLIC "-//W3C//DTD SVG 20010904//EN"
              "http://www.w3.org/TR/2001/REC-SVG-20010904/DTD/svg10.dtd">

<svg xmlns="http://www.w3.org/2000/svg"
     width="22.2222in" height="16.6667in"
     viewBox="0 0 2000 1500">
  <path id="iq"
        fill="none" stroke="black" stroke-width="1"
        d="M 1850.48,1199.04
           C 1850.21,1199.85 1849.94,1200.66 1850.48,1201.20
             1851.83,1202.01 1854.27,1200.66 1855.62,1201.74
             1859.94,1205.25 1855.89,1206.06 1856.16,1209.30
             1856.70,1211.46 1862.64,1207.14 1864.27,1211.19
             1865.08,1212.54 1864.00,1214.70 1865.08,1216.05
             1865.89,1217.40 1867.51,1218.48 1869.13,1218.48
             1870.48,1218.75 1871.29,1216.32 1872.64,1216.86
             1876.97,1218.48 1878.86,1226.05 1880.75,1229.02
             1881.56,1230.37 1883.18,1226.86 1884.81,1226.32
             1892.37,1223.08 1888.05,1232.80 1901.83,1224.70
             1902.64,1224.43 1908.86,1219.02 1909.40,1221.45
             1910.48,1225.78 1903.45,1227.13 1902.64,1229.83
             1901.02,1236.85 1916.15,1240.63 1914.53,1246.84
             1913.45,1251.44 1908.59,1249.00 1908.86,1250.63
             1908.86,1252.79 1910.21,1254.68 1909.94,1256.84
             1909.67,1257.65 1907.78,1257.38 1907.24,1258.19
             1906.97,1259.00 1908.32,1259.54 1908.32,1260.35
             1908.32,1261.16 1907.24,1261.43 1906.97,1262.24
             1906.70,1263.32 1906.43,1264.67 1906.97,1265.75
             1907.51,1266.56 1913.99,1267.37 1911.29,1270.61
             1909.94,1272.23 1905.07,1270.61 1905.61,1272.50
             1905.88,1273.31 1906.70,1274.12 1906.70,1275.20
             1906.70,1276.01 1905.07,1276.82 1905.34,1277.91
             1907.78,1287.36 1908.59,1276.01 1911.29,1280.61
             1912.64,1283.04 1911.83,1286.55 1911.56,1288.71
             1911.56,1290.60 1910.21,1292.49 1911.29,1293.84
             1912.37,1295.19 1914.80,1293.84 1916.42,1294.65
             1916.42,1294.65 1925.88,1301.40 1925.88,1301.40
             1927.50,1301.40 1927.50,1298.16 1929.13,1297.62
             1930.21,1297.35 1931.29,1298.70 1931.56,1299.78
             1931.83,1300.86 1929.13,1301.94 1929.94,1302.48
             1931.29,1303.02 1932.37,1300.59 1933.45,1300.59
             1934.80,1300.59 1943.18,1307.62 1943.45,1307.89
             1945.07,1312.21 1935.34,1313.29 1943.72,1312.48
             1944.53,1312.48 1942.37,1315.72 1943.72,1316.53
             1945.34,1317.07 1950.21,1313.02 1952.64,1313.02
             1958.04,1312.48 1976.69,1318.42 1978.85,1317.88
             1981.01,1317.07 1982.37,1314.64 1984.53,1314.10
             1986.42,1313.56 1991.82,1320.85 1992.91,1321.93
             1994.26,1322.74 1995.88,1323.28 1997.50,1323.82
             1997.50,1323.82 1997.50,1442.13 1997.50,1442.13
             1987.77,1446.72 1975.07,1450.50 1969.12,1453.20
             1965.61,1454.55 1960.21,1458.06 1956.42,1458.06
             1948.31,1458.60 1937.23,1453.20 1929.40,1451.04
             1913.18,1446.72 1897.24,1442.13 1881.02,1437.80
             1873.72,1435.91 1865.89,1432.40 1858.32,1431.59
             1856.43,1431.32 1854.81,1431.59 1852.92,1431.59
             1849.40,1431.59 1845.89,1431.59 1842.38,1431.59
             1840.48,1431.59 1838.86,1431.86 1836.97,1431.59
             1825.35,1430.78 1813.19,1424.84 1801.57,1425.11
             1790.22,1425.38 1777.25,1430.51 1765.90,1432.94
             1765.90,1432.94 1765.90,1432.94 1765.90,1432.94
             1766.71,1431.59 1766.98,1430.24 1766.98,1429.16
             1766.44,1419.71 1761.03,1430.78 1759.14,1429.97
             1756.98,1428.89 1755.63,1426.73 1755.09,1424.57
             1754.82,1423.49 1757.79,1424.03 1757.79,1422.95
             1757.79,1421.60 1742.38,1400.53 1739.95,1397.56
             1739.95,1397.56 1739.95,1397.83 1739.68,1397.83
             1739.68,1397.83 1739.68,1397.83 1739.68,1397.83
             1750.49,1384.05 1761.57,1370.28 1772.38,1356.23
             1780.49,1346.24 1791.57,1335.98 1789.68,1321.66
             1788.87,1317.07 1785.08,1312.75 1784.00,1308.16
             1781.84,1301.13 1784.54,1290.87 1780.22,1285.20
             1775.62,1278.99 1772.38,1278.99 1771.03,1269.53
             1769.95,1259.81 1777.52,1260.89 1782.11,1254.68
             1783.19,1253.33 1789.95,1234.15 1789.95,1232.80
             1789.95,1232.26 1789.68,1231.72 1789.68,1231.18
             1790.22,1230.64 1791.03,1229.83 1791.57,1229.02
             1792.65,1227.94 1793.73,1227.40 1794.27,1226.05
             1794.81,1224.70 1794.54,1217.67 1796.16,1217.40
             1798.06,1216.86 1799.95,1218.21 1801.57,1217.40
             1803.19,1216.59 1803.73,1213.62 1805.62,1212.81
             1809.68,1210.65 1823.19,1213.35 1826.97,1208.49
             1831.03,1203.36 1824.81,1204.44 1831.03,1202.55
             1839.13,1200.12 1834.54,1208.49 1839.13,1211.73
             1841.02,1212.81 1843.19,1202.28 1845.89,1200.12
             1846.97,1199.31 1849.67,1199.58 1850.48,1199.04 Z" />
</svg>
