<?xml version="1.0" encoding="UTF-8" standalone="no"?>
<!DOCTYPE svg PUBLIC "-//W3C//DTD SVG 20010904//EN"
              "http://www.w3.org/TR/2001/REC-SVG-20010904/DTD/svg10.dtd">

<svg xmlns="http://www.w3.org/2000/svg"
     width="22.2222in" height="16.6667in"
     viewBox="0 0 2000 1500">
  <path id="az"
        fill="none" stroke="black" stroke-width="1"
        d="M 1795.08,1062.37
           C 1795.89,1063.18 1796.16,1064.53 1797.24,1064.80
             1798.06,1065.07 1798.60,1063.72 1799.68,1063.72
             1806.16,1063.72 1798.33,1066.96 1799.68,1068.31
             1801.03,1069.39 1807.51,1065.88 1809.41,1065.61
             1810.22,1065.61 1809.41,1067.77 1809.95,1068.04
             1811.84,1068.85 1814.00,1068.04 1815.89,1068.85
             1819.67,1070.74 1811.03,1075.06 1813.46,1078.30
             1817.78,1083.97 1834.00,1082.89 1834.54,1084.24
             1835.08,1085.05 1835.62,1091.81 1834.81,1092.35
             1833.19,1093.70 1830.49,1093.97 1828.86,1095.59
             1828.59,1095.86 1828.05,1096.94 1828.59,1096.94
             1830.49,1097.21 1832.11,1096.13 1833.73,1096.13
             1838.86,1096.40 1844.27,1101.53 1849.13,1101.26
             1850.75,1101.26 1856.70,1095.86 1858.05,1098.29
             1859.67,1102.07 1855.62,1101.26 1855.89,1104.23
             1855.89,1108.55 1864.54,1102.88 1864.81,1108.28
             1864.81,1109.63 1861.83,1109.63 1860.75,1110.44
             1860.48,1110.71 1860.21,1110.98 1860.21,1111.52
             1860.21,1113.42 1862.64,1112.33 1863.46,1112.87
             1865.89,1114.23 1865.62,1118.01 1867.78,1119.90
             1867.78,1119.90 1868.05,1120.44 1868.05,1120.44
             1868.59,1118.82 1871.02,1107.47 1871.02,1107.47
             1871.83,1105.58 1874.54,1105.31 1875.35,1103.69
             1875.89,1102.07 1874.81,1100.45 1875.08,1098.83
             1875.62,1096.13 1877.78,1093.97 1878.86,1091.27
             1879.94,1088.84 1887.24,1073.71 1889.40,1073.44
             1891.56,1073.17 1893.72,1074.79 1895.89,1075.60
             1897.78,1076.14 1900.21,1076.68 1902.10,1077.49
             1902.64,1077.76 1903.99,1078.03 1903.72,1078.84
             1902.91,1081.00 1898.59,1082.62 1899.67,1085.87
             1901.02,1089.92 1906.43,1085.87 1908.32,1090.46
             1909.67,1094.51 1899.67,1097.48 1903.99,1100.45
             1907.78,1103.42 1906.97,1099.64 1911.29,1100.99
             1914.26,1101.80 1909.94,1105.85 1915.61,1103.96
             1916.42,1103.69 1916.42,1101.53 1917.51,1101.53
             1919.67,1101.53 1924.80,1108.28 1926.96,1106.12
             1928.32,1104.77 1929.40,1103.15 1930.48,1101.53
             1926.96,1095.86 1923.99,1090.46 1923.18,1088.57
             1922.64,1087.22 1924.26,1085.87 1924.26,1084.51
             1923.99,1081.81 1919.94,1079.38 1921.29,1076.95
             1922.37,1075.60 1925.34,1075.33 1926.69,1076.41
             1928.32,1077.76 1926.42,1080.19 1926.96,1081.81
             1927.50,1083.16 1929.40,1079.92 1929.40,1078.30
             1929.40,1077.76 1928.59,1077.22 1928.32,1076.41
             1928.05,1075.60 1928.32,1074.52 1928.05,1073.71
             1927.23,1071.55 1925.07,1069.66 1925.61,1067.50
             1926.15,1066.15 1928.59,1068.04 1929.67,1067.23
             1930.21,1066.69 1928.32,1066.15 1927.78,1065.61
             1926.42,1064.26 1924.53,1063.45 1923.45,1062.10
             1919.94,1057.23 1923.72,1058.59 1923.18,1053.72
             1922.64,1048.86 1915.34,1040.49 1918.05,1035.36
             1921.56,1028.87 1918.86,1039.95 1922.64,1029.68
             1922.91,1028.60 1922.10,1026.98 1922.64,1026.17
             1923.18,1025.36 1924.26,1025.36 1924.80,1025.36
             1925.34,1025.36 1925.61,1026.44 1925.88,1026.17
             1926.96,1025.36 1927.23,1024.01 1928.32,1023.20
             1929.40,1022.39 1930.75,1021.58 1932.10,1021.58
             1933.72,1021.58 1936.69,1024.28 1936.69,1022.66
             1937.23,1018.34 1925.88,1015.64 1923.18,1016.72
             1916.42,1019.15 1917.78,1022.93 1909.67,1021.58
             1908.32,1021.31 1907.78,1018.07 1907.78,1018.07
             1907.24,1017.26 1903.72,1017.80 1903.45,1017.80
             1903.45,1017.80 1896.43,1014.56 1896.43,1014.56
             1891.83,1011.86 1890.75,1007.81 1885.62,1005.11
             1881.02,1002.67 1872.64,997.81 1867.78,997.00
             1868.05,997.00 1868.32,997.27 1868.59,997.27
             1868.59,997.27 1868.59,998.08 1868.59,998.08
             1864.27,1013.48 1867.24,1005.11 1862.91,1016.72
             1862.10,1019.15 1864.00,1026.17 1863.19,1026.98
             1860.48,1029.95 1850.75,1034.82 1846.70,1031.85
             1840.48,1027.25 1855.35,1029.68 1839.67,1025.63
             1838.86,1025.36 1838.86,1027.25 1838.05,1027.25
             1837.51,1027.25 1831.30,1025.09 1829.67,1024.28
             1829.67,1024.28 1824.54,1022.12 1824.54,1022.12
             1824.54,1022.12 1824.27,1022.12 1824.27,1022.12
             1823.19,1022.66 1822.38,1023.20 1821.84,1023.47
             1821.84,1023.47 1821.84,1023.47 1821.84,1023.47
             1821.84,1023.47 1821.84,1023.47 1821.84,1023.47
             1821.30,1023.20 1819.95,1023.74 1818.86,1024.01
             1818.86,1024.01 1818.86,1024.55 1818.86,1024.55
             1818.59,1026.71 1819.13,1028.87 1818.32,1031.04
             1818.05,1031.85 1816.43,1031.58 1815.89,1032.39
             1815.35,1033.47 1818.05,1037.25 1819.40,1037.25
             1820.22,1037.25 1821.84,1035.63 1821.84,1036.44
             1822.11,1036.98 1821.03,1037.25 1821.03,1037.52
             1820.76,1038.87 1837.51,1036.98 1835.89,1045.62
             1833.46,1056.42 1831.03,1047.51 1824.81,1049.67
             1819.40,1051.56 1822.92,1054.26 1817.78,1054.26
             1815.62,1054.53 1813.73,1053.99 1811.57,1053.72
             1811.30,1053.72 1811.03,1053.72 1811.03,1053.45
             1811.03,1052.64 1812.65,1051.29 1811.84,1051.02
             1807.78,1049.67 1803.73,1051.56 1799.95,1052.64
             1796.43,1053.72 1796.70,1059.13 1795.08,1062.37M 1859.13,1125.30
           C 1856.97,1123.68 1849.67,1118.01 1849.67,1118.01
             1849.13,1117.20 1849.94,1116.12 1849.67,1115.04
             1849.67,1114.77 1848.86,1114.50 1848.59,1114.50
             1846.43,1114.23 1844.27,1114.77 1842.38,1114.50
             1841.84,1114.50 1842.92,1105.31 1837.78,1108.28
             1837.78,1108.28 1832.38,1114.50 1832.38,1114.50
             1830.21,1115.04 1828.32,1112.87 1826.16,1113.15
             1825.35,1113.42 1825.89,1115.04 1825.35,1115.58
             1822.65,1118.82 1825.08,1109.09 1818.32,1110.71
             1815.89,1111.25 1814.81,1114.50 1813.19,1116.66
             1815.08,1117.47 1816.70,1118.28 1817.24,1118.55
             1818.86,1119.90 1819.40,1122.06 1821.30,1123.14
             1822.92,1124.22 1825.08,1123.95 1826.97,1124.76
             1828.05,1125.30 1828.86,1126.92 1830.21,1127.19
             1831.57,1127.46 1833.19,1126.38 1834.54,1126.92
             1836.43,1127.73 1837.24,1130.43 1839.40,1130.97
             1839.40,1130.97 1851.56,1128.81 1851.56,1128.81
             1858.05,1127.46 1858.59,1126.65 1859.13,1125.30 Z
           M 1866.70,997.00
           C 1866.70,997.00 1866.70,997.00 1866.70,997.00
             1866.70,997.00 1866.70,997.00 1866.70,997.00 Z
           M 1867.24,997.00
           C 1867.24,997.00 1867.24,997.00 1867.24,997.00
             1867.24,997.00 1867.24,997.00 1867.24,997.00 Z
           M 1867.24,997.00
           C 1867.24,997.00 1867.24,997.00 1867.24,997.00
             1867.24,997.00 1867.24,997.00 1867.24,997.00 Z
           M 1866.70,997.00
           C 1866.70,997.00 1866.70,997.00 1866.97,997.00
             1866.70,997.00 1866.70,997.00 1866.70,997.00 Z
           M 1866.97,997.00
           C 1866.97,997.00 1866.97,997.00 1866.97,997.00
             1866.97,997.00 1866.97,997.00 1866.97,997.00 Z
           M 1866.97,997.00
           C 1866.97,997.00 1866.97,997.00 1866.97,997.00
             1866.97,997.00 1866.97,997.00 1866.97,997.00
             1866.97,997.00 1866.97,997.00 1866.97,997.00
             1866.97,997.00 1866.97,997.00 1866.97,997.00
             1866.97,997.00 1866.97,997.00 1866.97,997.00
             1866.97,997.00 1866.97,997.00 1866.97,997.00
             1866.97,997.00 1867.24,997.00 1867.24,997.00
             1867.24,997.00 1867.24,997.00 1867.24,997.00
             1867.24,997.00 1867.24,997.00 1867.24,997.00
             1867.24,997.00 1867.24,997.00 1867.24,997.00
             1867.24,997.00 1866.97,997.00 1866.97,997.00 Z
           M 1867.24,997.00
           C 1867.24,997.00 1867.24,997.00 1867.24,997.00
             1867.24,997.00 1867.24,997.00 1867.24,997.00
             1867.24,997.00 1867.24,997.00 1867.24,997.00
             1867.51,997.00 1867.51,997.00 1867.51,997.00
             1867.51,997.00 1867.24,997.00 1867.24,997.00 Z
           M 1867.51,997.00
           C 1867.51,997.00 1867.51,997.00 1867.51,997.00
             1867.51,997.00 1867.51,997.00 1867.51,997.00
             1867.51,997.00 1867.51,997.00 1867.51,997.00
             1867.51,997.00 1867.51,997.00 1867.51,997.00
             1867.51,997.00 1867.51,997.00 1867.51,997.00
             1867.51,997.00 1867.51,997.00 1867.51,997.00 Z
           M 1867.78,997.00
           C 1867.78,997.00 1867.78,997.00 1867.78,997.00
             1867.78,997.00 1867.78,997.00 1867.78,997.00 Z" />
</svg>
