<?xml version="1.0" encoding="UTF-8" standalone="no"?>
<!DOCTYPE svg PUBLIC "-//W3C//DTD SVG 20010904//EN"
              "http://www.w3.org/TR/2001/REC-SVG-20010904/DTD/svg10.dtd">

<svg xmlns="http://www.w3.org/2000/svg"
     width="22.2222in" height="16.6667in"
     viewBox="0 0 2000 1500">
  <path id="ir"
        fill="none" stroke="black" stroke-width="1"
        d="M 1930.48,1101.53
           C 1929.40,1103.15 1928.32,1104.77 1926.96,1106.12
             1924.80,1108.28 1919.67,1101.53 1917.51,1101.53
             1916.42,1101.53 1916.42,1103.69 1915.61,1103.96
             1909.94,1105.85 1914.26,1101.80 1911.29,1100.99
             1906.97,1099.64 1907.78,1103.42 1903.99,1100.45
             1899.67,1097.48 1909.67,1094.51 1908.32,1090.46
             1906.43,1085.87 1901.02,1089.92 1899.67,1085.87
             1898.59,1082.62 1902.91,1081.00 1903.72,1078.84
             1903.99,1078.03 1902.64,1077.76 1902.10,1077.49
             1900.21,1076.68 1897.78,1076.14 1895.89,1075.60
             1893.72,1074.79 1891.56,1073.17 1889.40,1073.44
             1887.24,1073.71 1879.94,1088.84 1878.86,1091.27
             1877.78,1093.97 1875.62,1096.13 1875.08,1098.83
             1874.81,1100.45 1875.89,1102.07 1875.35,1103.69
             1874.54,1105.31 1871.83,1105.58 1871.02,1107.47
             1871.02,1107.47 1868.05,1120.44 1868.05,1120.44
             1866.97,1121.79 1864.27,1120.44 1862.91,1121.52
             1856.70,1125.84 1862.10,1126.65 1851.56,1128.81
             1851.56,1128.81 1839.40,1130.97 1839.40,1130.97
             1837.24,1130.43 1836.43,1127.73 1834.54,1126.92
             1833.19,1126.38 1831.57,1127.46 1830.21,1127.19
             1828.86,1126.92 1828.05,1125.30 1826.97,1124.76
             1825.08,1123.95 1822.92,1124.22 1821.30,1123.14
             1819.40,1122.06 1818.86,1119.90 1817.24,1118.55
             1816.70,1118.28 1815.08,1117.47 1813.46,1116.66
             1814.00,1116.93 1814.27,1117.20 1814.81,1117.47
             1814.81,1117.47 1814.27,1118.01 1814.27,1118.01
             1798.06,1113.96 1808.86,1122.87 1808.32,1129.89
             1807.78,1134.48 1798.06,1133.67 1799.68,1136.37
             1801.30,1139.34 1806.43,1139.61 1807.78,1142.32
             1808.32,1143.67 1807.78,1145.83 1808.32,1147.18
             1811.84,1154.74 1809.95,1148.80 1813.19,1150.15
             1813.19,1150.15 1819.67,1163.38 1819.67,1163.92
             1822.11,1168.25 1823.73,1158.79 1826.16,1165.27
             1826.43,1166.62 1825.89,1168.25 1825.89,1169.60
             1825.62,1173.38 1824.54,1178.78 1825.35,1182.29
             1825.62,1183.64 1827.78,1181.21 1828.86,1181.21
             1829.67,1181.21 1837.51,1182.29 1838.05,1183.10
             1838.32,1183.91 1837.51,1189.85 1841.57,1192.55
             1849.13,1197.69 1844.54,1189.31 1850.48,1198.50
             1850.75,1198.77 1850.48,1199.04 1850.48,1199.04
             1850.21,1199.85 1849.94,1200.66 1850.48,1201.20
             1851.83,1202.01 1854.27,1200.66 1855.62,1201.74
             1859.94,1205.25 1855.89,1206.06 1856.16,1209.30
             1856.70,1211.46 1862.64,1207.14 1864.27,1211.19
             1865.08,1212.54 1864.00,1214.70 1865.08,1216.05
             1865.89,1217.40 1867.51,1218.48 1869.13,1218.48
             1870.48,1218.75 1871.29,1216.32 1872.64,1216.86
             1876.97,1218.48 1878.86,1226.05 1880.75,1229.02
             1881.56,1230.37 1883.18,1226.86 1884.81,1226.32
             1892.37,1223.08 1888.05,1232.80 1901.83,1224.70
             1902.64,1224.43 1908.86,1219.02 1909.40,1221.45
             1910.48,1225.78 1903.45,1227.13 1902.64,1229.83
             1901.02,1236.85 1916.15,1240.63 1914.53,1246.84
             1913.45,1251.44 1908.59,1249.00 1908.86,1250.63
             1908.86,1252.79 1910.21,1254.68 1909.94,1256.84
             1909.67,1257.65 1907.78,1257.38 1907.24,1258.19
             1906.97,1259.00 1908.32,1259.54 1908.32,1260.35
             1908.32,1261.16 1907.24,1261.43 1906.97,1262.24
             1906.70,1263.32 1906.43,1264.67 1906.97,1265.75
             1907.51,1266.56 1913.99,1267.37 1911.29,1270.61
             1909.94,1272.23 1905.07,1270.61 1905.61,1272.50
             1905.88,1273.31 1906.70,1274.12 1906.70,1275.20
             1906.70,1276.01 1905.07,1276.82 1905.34,1277.91
             1907.78,1287.36 1908.59,1276.01 1911.29,1280.61
             1912.64,1283.04 1911.83,1286.55 1911.56,1288.71
             1911.56,1290.60 1910.21,1292.49 1911.29,1293.84
             1912.37,1295.19 1914.80,1293.84 1916.42,1294.65
             1916.42,1294.65 1925.88,1301.40 1925.88,1301.40
             1927.50,1301.40 1927.50,1298.16 1929.13,1297.62
             1930.21,1297.35 1931.29,1298.70 1931.56,1299.78
             1931.83,1300.86 1929.13,1301.94 1929.94,1302.48
             1931.29,1303.02 1932.37,1300.59 1933.45,1300.59
             1934.80,1300.59 1943.18,1307.62 1943.45,1307.89
             1945.07,1312.21 1935.34,1313.29 1943.72,1312.48
             1944.53,1312.48 1942.37,1315.72 1943.72,1316.53
             1945.34,1317.07 1950.21,1313.02 1952.64,1313.02
             1958.04,1312.48 1976.69,1318.42 1978.85,1317.88
             1981.01,1317.07 1982.37,1314.64 1984.53,1314.10
             1986.42,1313.56 1991.82,1320.85 1992.91,1321.93
             1994.26,1322.74 1995.88,1323.28 1997.50,1323.82
             1997.50,1323.82 1997.50,1122.06 1997.50,1122.06
             1995.88,1122.06 1994.26,1122.06 1992.64,1121.79
             1986.69,1121.52 1984.26,1116.66 1979.66,1115.31
             1977.23,1114.77 1975.07,1116.39 1972.91,1116.93
             1972.37,1116.93 1972.37,1115.85 1971.83,1116.12
             1971.02,1116.66 1971.02,1118.01 1969.93,1118.55
             1963.45,1123.14 1952.37,1126.65 1945.07,1121.52
             1942.37,1119.36 1935.88,1109.90 1930.48,1101.53 Z" />
</svg>
