<?xml version="1.0" encoding="UTF-8" standalone="no"?>
<!DOCTYPE svg PUBLIC "-//W3C//DTD SVG 20010904//EN"
              "http://www.w3.org/TR/2001/REC-SVG-20010904/DTD/svg10.dtd">

<svg xmlns="http://www.w3.org/2000/svg"
     width="22.2222in" height="16.6667in"
     viewBox="0 0 2000 1500">
  <path id="ge"
        fill="none" stroke="black" stroke-width="1"
        d="M 1818.86,1024.55
           C 1818.59,1026.71 1819.13,1028.87 1818.32,1031.04
             1818.05,1031.85 1816.43,1031.58 1815.89,1032.39
             1815.35,1033.47 1818.05,1037.25 1819.40,1037.25
             1820.22,1037.25 1821.84,1035.63 1821.84,1036.44
             1822.11,1036.98 1821.03,1037.25 1821.03,1037.52
             1820.76,1038.87 1837.51,1036.98 1835.89,1045.62
             1833.46,1056.42 1831.03,1047.51 1824.81,1049.67
             1819.40,1051.56 1822.92,1054.26 1817.78,1054.26
             1815.62,1054.53 1813.73,1053.99 1811.57,1053.72
             1811.30,1053.72 1811.03,1053.72 1811.03,1053.45
             1811.03,1052.64 1812.65,1051.29 1811.84,1051.02
             1807.78,1049.67 1803.41,1051.70 1799.63,1052.78
             1795.76,1054.49 1796.54,1062.19 1794.07,1064.03
             1792.99,1064.57 1789.68,1065.07 1790.76,1065.61
             1791.30,1065.88 1793.19,1066.15 1792.65,1066.69
             1788.06,1069.93 1780.49,1071.01 1776.71,1074.52
             1771.57,1078.57 1767.79,1083.70 1761.30,1086.95
             1761.30,1086.95 1761.03,1087.22 1761.03,1087.22
             1761.03,1086.68 1760.76,1086.41 1760.49,1086.14
             1759.68,1085.32 1758.60,1085.05 1757.79,1085.32
             1756.44,1085.87 1755.63,1087.49 1754.27,1087.76
             1753.46,1087.76 1753.46,1086.14 1752.65,1085.87
             1751.84,1085.87 1751.03,1087.76 1750.76,1086.95
             1750.22,1086.14 1751.84,1085.32 1751.84,1084.24
             1752.11,1082.35 1748.06,1083.43 1746.17,1082.89
             1744.55,1082.62 1743.19,1081.54 1741.57,1081.54
             1741.03,1081.54 1741.57,1082.89 1741.30,1083.16
             1736.71,1084.24 1740.49,1080.46 1739.14,1079.38
             1738.33,1078.84 1737.52,1080.19 1736.71,1080.73
             1735.63,1081.27 1733.74,1081.27 1733.19,1082.35
             1732.38,1083.97 1734.01,1086.14 1733.19,1087.76
             1732.38,1088.84 1730.76,1088.57 1729.68,1088.84
             1726.17,1089.92 1721.84,1089.65 1718.87,1092.08
             1717.79,1092.89 1718.60,1095.05 1717.25,1096.13
             1716.17,1096.94 1714.55,1096.40 1713.20,1096.40
             1711.85,1096.40 1710.49,1096.67 1708.87,1096.67
             1708.87,1096.67 1708.33,1096.67 1708.33,1096.67
             1708.60,1095.05 1708.87,1093.70 1709.41,1092.08
             1710.49,1087.22 1712.39,1088.57 1710.49,1083.43
             1708.60,1076.95 1701.58,1073.44 1697.52,1068.04
             1695.36,1065.61 1694.55,1060.21 1691.04,1058.59
             1689.14,1057.77 1686.98,1058.04 1684.82,1058.31
             1684.01,1058.31 1683.47,1059.40 1682.39,1059.40
             1680.23,1059.13 1679.42,1055.61 1677.25,1054.53
             1670.77,1051.56 1670.77,1053.99 1665.09,1055.61
             1664.28,1055.88 1663.74,1055.34 1662.93,1055.34
             1661.58,1055.34 1660.23,1054.80 1658.88,1055.34
             1658.34,1055.34 1658.88,1056.42 1658.61,1056.69
             1656.44,1057.77 1655.63,1052.64 1653.20,1051.83
             1651.31,1051.29 1649.42,1051.83 1647.26,1052.10
             1646.44,1052.10 1645.90,1052.64 1645.09,1052.37
             1644.55,1052.10 1644.28,1051.83 1644.01,1051.29
             1644.01,1051.29 1646.99,1051.56 1646.99,1051.56
             1646.99,1038.87 1650.23,1045.62 1658.34,1041.84
             1659.69,1041.30 1660.23,1039.41 1661.58,1039.14
             1665.09,1038.33 1668.60,1041.84 1672.12,1041.30
             1672.66,1041.30 1679.69,1038.06 1680.50,1038.06
             1682.66,1038.33 1684.55,1040.49 1686.71,1040.49
             1686.71,1040.49 1698.60,1035.90 1698.87,1035.90
             1705.90,1031.31 1690.50,1033.74 1706.17,1030.22
             1708.33,1029.95 1710.49,1031.04 1712.39,1030.49
             1712.39,1030.49 1717.52,1026.71 1721.57,1027.79
             1722.11,1028.06 1721.84,1029.14 1722.38,1029.68
             1723.47,1030.22 1724.82,1030.76 1726.17,1031.04
             1732.38,1031.58 1739.41,1029.41 1745.63,1029.68
             1747.25,1029.68 1742.65,1035.09 1746.71,1035.09
             1757.25,1035.09 1754.82,1023.74 1762.92,1019.96
             1765.35,1018.88 1768.06,1023.74 1769.95,1022.39
             1771.57,1021.04 1768.60,1016.18 1770.76,1015.91
             1779.14,1014.56 1778.33,1018.07 1784.27,1018.07
             1785.89,1018.07 1786.70,1015.64 1788.06,1015.10
             1789.68,1014.56 1791.57,1014.56 1793.19,1014.29
             1796.16,1014.29 1794.81,1023.20 1795.35,1024.82
             1795.35,1025.09 1795.89,1024.82 1796.16,1024.82
             1797.51,1024.82 1798.60,1024.82 1799.95,1024.82
             1801.03,1024.82 1802.38,1024.55 1803.46,1024.82
             1804.54,1025.36 1805.08,1026.98 1805.89,1026.98
             1806.16,1026.98 1812.65,1023.74 1812.92,1023.74
             1813.73,1023.74 1814.81,1024.82 1815.89,1024.82
             1816.43,1024.82 1817.51,1024.55 1818.86,1024.01
             1818.86,1024.01 1818.86,1024.55 1818.86,1024.55 Z" />
</svg>
