<?xml version="1.0" encoding="UTF-8" standalone="no"?>
<!DOCTYPE svg PUBLIC "-//W3C//DTD SVG 20010904//EN"
              "http://www.w3.org/TR/2001/REC-SVG-20010904/DTD/svg10.dtd">

<svg xmlns="http://www.w3.org/2000/svg"
     width="22.2222in" height="16.6667in"
     viewBox="0 0 2000 1500">
  <path id="sy"
        fill="none" stroke="black" stroke-width="1"
        d="M 1632.39,1342.73
           C 1634.28,1341.92 1639.42,1345.43 1640.50,1344.08
             1641.85,1342.73 1639.69,1340.30 1640.23,1338.41
             1640.77,1337.06 1643.20,1336.79 1643.74,1335.44
             1643.74,1335.44 1642.12,1328.41 1642.12,1328.41
             1642.12,1327.87 1649.96,1325.17 1650.50,1324.63
             1651.04,1323.82 1646.17,1320.85 1645.63,1320.31
             1643.47,1317.61 1641.31,1307.89 1642.93,1304.91
             1643.47,1304.10 1653.47,1303.83 1654.55,1304.91
             1654.82,1305.19 1653.20,1309.78 1656.44,1307.89
             1657.25,1307.35 1656.71,1306.00 1657.25,1305.73
             1659.96,1304.10 1663.47,1304.91 1666.17,1303.29
             1673.74,1299.51 1678.06,1285.20 1688.06,1284.39
             1691.85,1284.12 1695.63,1287.36 1699.68,1287.36
             1707.52,1287.36 1716.44,1280.61 1722.93,1276.55
             1733.47,1269.80 1738.33,1257.38 1748.33,1250.08
             1754.54,1245.76 1763.46,1244.95 1769.95,1240.63
             1772.92,1238.74 1778.60,1235.50 1780.49,1231.99
             1781.57,1230.10 1782.38,1222.81 1787.24,1227.67
             1788.60,1229.02 1789.68,1230.91 1789.95,1232.80
             1789.95,1234.15 1783.19,1253.33 1782.11,1254.68
             1777.52,1260.89 1769.95,1259.81 1771.03,1269.53
             1772.38,1278.99 1775.62,1278.99 1780.22,1285.20
             1784.54,1290.87 1781.84,1301.13 1784.00,1308.16
             1785.08,1312.75 1788.87,1317.07 1789.68,1321.66
             1791.57,1335.98 1780.49,1346.24 1772.38,1356.23
             1756.98,1375.95 1741.57,1395.40 1726.44,1414.85
             1722.11,1420.52 1699.14,1452.66 1696.17,1454.28
             1691.85,1456.71 1676.98,1456.44 1672.39,1455.09
             1672.12,1454.82 1666.71,1451.04 1666.44,1451.04
             1658.88,1448.61 1659.15,1459.14 1658.07,1451.58
             1658.07,1451.58 1653.47,1435.91 1653.20,1435.37
             1653.20,1435.37 1653.47,1434.56 1653.47,1434.56
             1653.47,1434.56 1653.47,1434.56 1653.47,1434.56
             1653.20,1434.83 1652.93,1435.10 1652.66,1435.37
             1655.90,1432.40 1659.96,1423.22 1661.04,1419.98
             1661.58,1419.17 1655.09,1421.33 1656.98,1416.47
             1657.80,1414.58 1658.61,1412.68 1659.96,1411.06
             1659.96,1411.06 1667.52,1408.36 1667.52,1408.36
             1667.52,1407.01 1664.01,1407.82 1663.74,1406.47
             1662.93,1401.34 1669.96,1397.83 1670.50,1393.51
             1670.77,1392.70 1669.15,1393.24 1668.88,1392.97
             1667.25,1390.27 1668.88,1388.92 1665.90,1386.48
             1662.39,1383.78 1659.15,1387.30 1658.88,1385.94
             1658.61,1384.59 1660.77,1383.51 1660.77,1382.16
             1660.77,1380.81 1658.61,1380.54 1657.52,1380.27
             1657.52,1380.00 1651.85,1384.05 1647.53,1385.13
             1645.90,1382.43 1642.66,1380.00 1641.85,1377.30
             1639.42,1371.09 1642.66,1365.69 1637.80,1360.02
             1635.63,1357.31 1631.58,1358.93 1631.85,1355.42
             1632.12,1353.53 1632.93,1351.91 1632.66,1350.02
             1632.39,1348.67 1630.23,1348.13 1630.23,1346.78
             1630.23,1345.70 1631.31,1344.08 1632.39,1342.73
             1632.39,1342.73 1632.39,1342.73 1632.39,1342.73 Z" />
</svg>
