<?xml version="1.0" encoding="UTF-8" standalone="no"?>
<!DOCTYPE svg PUBLIC "-//W3C//DTD SVG 20010904//EN"
              "http://www.w3.org/TR/2001/REC-SVG-20010904/DTD/svg10.dtd">

<svg xmlns="http://www.w3.org/2000/svg"
     width="22.2222in" height="16.6667in"
     viewBox="0 0 2000 1500">
  <path id="am"
        fill="none" stroke="black" stroke-width="1"
        d="M 1798.83,1111.95
           C 1799.84,1111.82 1800.85,1112.06 1801.84,1112.33
             1801.84,1112.33 1801.84,1112.33 1801.84,1112.33
             1801.84,1112.33 1801.84,1112.33 1801.84,1112.33
             1805.43,1113.17 1807.49,1114.17 1811.03,1115.58
             1811.03,1115.58 1811.03,1115.58 1811.03,1115.58
             1811.30,1115.85 1811.30,1115.85 1811.30,1115.85
             1811.30,1115.85 1811.30,1115.85 1811.30,1115.85
             1811.57,1115.85 1811.84,1115.85 1811.84,1116.12
             1811.84,1116.12 1811.84,1116.12 1812.11,1116.12
             1812.38,1116.39 1812.65,1116.39 1813.19,1116.66
             1814.81,1114.50 1815.89,1111.25 1818.32,1110.71
             1825.08,1109.09 1822.65,1118.82 1825.35,1115.58
             1825.89,1115.04 1825.35,1113.42 1826.16,1113.15
             1828.32,1112.87 1830.21,1115.04 1832.38,1114.50
             1832.38,1114.50 1837.78,1108.28 1837.78,1108.28
             1842.92,1105.31 1841.84,1114.50 1842.38,1114.50
             1844.27,1114.77 1846.43,1114.23 1848.59,1114.50
             1848.86,1114.50 1849.67,1114.77 1849.67,1115.04
             1849.94,1116.12 1849.13,1117.20 1849.67,1118.01
             1849.67,1118.01 1856.97,1123.68 1859.13,1125.30
             1859.67,1124.49 1860.48,1123.14 1862.91,1121.52
             1864.27,1120.44 1866.97,1121.79 1868.05,1120.44
             1868.05,1120.44 1868.32,1119.36 1868.59,1118.01
             1868.32,1119.09 1868.32,1119.90 1868.05,1120.44
             1868.05,1120.44 1867.78,1119.90 1867.78,1119.90
             1865.62,1118.01 1865.89,1114.23 1863.46,1112.87
             1862.64,1112.33 1860.21,1113.42 1860.21,1111.52
             1860.21,1110.98 1860.48,1110.71 1860.75,1110.44
             1861.83,1109.63 1864.81,1109.63 1864.81,1108.28
             1864.54,1102.88 1855.89,1108.55 1855.89,1104.23
             1855.62,1101.26 1859.67,1102.07 1858.05,1098.29
             1856.70,1095.86 1850.75,1101.26 1849.13,1101.26
             1844.27,1101.53 1838.86,1096.40 1833.73,1096.13
             1832.11,1096.13 1830.49,1097.21 1828.59,1096.94
             1828.05,1096.94 1828.59,1095.86 1828.86,1095.59
             1830.49,1093.97 1833.19,1093.70 1834.81,1092.35
             1835.62,1091.81 1835.08,1085.05 1834.54,1084.24
             1834.00,1082.89 1817.78,1083.97 1813.46,1078.30
             1811.03,1075.06 1819.67,1070.74 1815.89,1068.85
             1814.00,1068.04 1811.84,1068.85 1809.95,1068.04
             1809.41,1067.77 1810.22,1065.61 1809.41,1065.61
             1807.51,1065.88 1801.03,1069.39 1799.68,1068.31
             1798.33,1066.96 1806.16,1063.72 1799.68,1063.72
             1798.60,1063.72 1798.06,1065.07 1797.24,1064.80
             1796.16,1064.53 1795.89,1063.18 1795.08,1062.37
             1794.81,1062.91 1794.54,1063.72 1794.00,1063.99
             1792.92,1064.53 1789.68,1065.07 1790.76,1065.61
             1791.30,1065.88 1793.19,1066.15 1792.65,1066.69
             1788.06,1069.93 1780.49,1071.01 1776.71,1074.52
             1771.57,1078.57 1767.79,1083.70 1761.30,1086.95
             1761.30,1086.95 1761.03,1087.22 1761.03,1087.22
             1761.03,1086.95 1760.76,1086.68 1760.76,1086.41
             1761.30,1087.22 1761.03,1088.57 1761.84,1089.38
             1764.00,1091.27 1772.38,1090.73 1774.00,1097.75
             1774.81,1101.53 1772.38,1107.74 1775.35,1110.98
             1776.98,1112.60 1779.41,1113.15 1780.49,1115.04
             1781.03,1115.58 1778.87,1117.47 1779.68,1117.47
             1788.60,1117.20 1792.61,1112.22 1798.83,1111.95" />
</svg>
