<?xml version="1.0" encoding="UTF-8" standalone="no"?>
<!DOCTYPE svg PUBLIC "-//W3C//DTD SVG 20010904//EN"
              "http://www.w3.org/TR/2001/REC-SVG-20010904/DTD/svg10.dtd">

<svg xmlns="http://www.w3.org/2000/svg"
     width="22.2222in" height="16.6667in"
     viewBox="0 0 2000 1500">
  <path id="cy"
        fill="none" stroke="black" stroke-width="1"
        d="M 1598.61,1364.88
           C 1598.34,1369.20 1586.18,1379.73 1584.02,1384.59
             1581.58,1390.54 1593.75,1391.35 1592.39,1393.51
             1591.58,1394.59 1589.42,1393.24 1588.34,1393.78
             1587.26,1394.05 1586.99,1395.67 1585.91,1396.21
             1584.29,1397.29 1581.58,1396.21 1580.23,1397.56
             1579.15,1398.91 1580.50,1401.34 1579.69,1402.69
             1577.53,1406.47 1568.07,1409.17 1565.91,1412.14
             1565.10,1413.22 1566.72,1415.12 1565.91,1416.47
             1563.75,1420.52 1561.59,1414.30 1560.78,1414.30
             1559.15,1414.30 1558.07,1416.47 1556.45,1417.01
             1555.64,1417.28 1546.72,1415.93 1546.45,1415.93
             1545.64,1415.39 1545.91,1414.03 1545.37,1413.22
             1544.56,1412.41 1537.53,1404.85 1539.97,1405.12
             1541.32,1405.12 1542.13,1406.47 1543.48,1406.47
             1545.91,1406.20 1546.45,1401.34 1546.99,1400.53
             1548.88,1397.56 1554.02,1399.72 1555.91,1398.10
             1557.26,1397.29 1556.99,1395.13 1556.72,1393.51
             1556.45,1392.16 1554.02,1390.54 1555.10,1389.19
             1555.91,1388.11 1558.07,1389.73 1559.69,1389.46
             1562.94,1389.19 1570.77,1387.30 1573.75,1385.67
             1577.53,1383.51 1598.34,1364.61 1598.61,1364.88 Z" />
</svg>
