<?xml version="1.0" encoding="UTF-8" standalone="no"?>
<!DOCTYPE svg PUBLIC "-//W3C//DTD SVG 20010904//EN"
              "http://www.w3.org/TR/2001/REC-SVG-20010904/DTD/svg10.dtd">

<svg xmlns="http://www.w3.org/2000/svg"
     width="22.2222in" height="16.6667in"
     viewBox="0 0 2000 1500">
  <path id="ie"
        fill="none" stroke="black" stroke-width="1"
        d="M 557.61,793.08
           C 558.15,794.43 560.58,795.78 559.50,796.86
             558.42,798.48 555.17,797.13 553.55,798.21
             552.74,799.02 555.71,799.56 555.71,800.64
             555.98,802.80 554.63,804.96 554.63,807.12
             554.90,809.01 556.80,810.09 556.80,811.99
             556.80,813.34 554.63,814.15 554.63,815.77
             554.36,816.85 556.53,817.93 555.98,819.01
             555.17,820.09 553.01,817.66 552.47,818.74
             551.66,819.82 553.82,820.90 554.09,822.25
             554.09,822.79 553.55,823.33 553.55,823.87
             553.82,827.38 554.90,829.54 553.82,833.05
             553.01,835.48 543.55,849.26 541.93,850.61
             541.39,851.15 540.04,851.42 539.77,852.50
             539.23,854.39 540.04,856.55 539.77,858.44
             539.77,858.71 539.23,858.71 539.23,858.44
             538.42,856.55 537.88,858.98 535.18,857.90
             534.09,857.63 534.09,856.01 533.01,855.74
             531.12,855.20 525.18,858.17 523.83,856.55
             523.55,856.01 524.91,856.01 524.91,855.47
             525.18,854.66 523.01,856.28 522.20,856.01
             518.15,855.74 516.80,853.58 513.02,854.93
             512.47,855.20 514.10,856.28 514.10,857.09
             513.83,858.44 508.96,859.52 508.96,859.52
             507.88,859.52 507.34,857.90 506.26,858.17
             504.37,858.98 503.56,861.41 501.93,862.49
             496.26,865.46 499.77,857.36 494.64,858.17
             493.02,858.44 495.99,861.41 495.45,862.76
             494.64,863.84 492.75,863.84 491.40,864.65
             490.58,865.19 490.04,866.82 488.96,867.09
             488.42,867.09 488.69,866.00 488.15,865.73
             487.61,865.19 486.80,864.65 485.99,864.92
             485.45,865.46 485.99,867.09 485.18,867.36
             482.48,867.63 477.61,864.38 475.99,864.65
             473.83,864.92 472.21,866.55 470.32,866.82
             464.91,867.36 473.29,863.03 468.96,863.84
             467.34,864.38 460.86,865.19 460.32,864.65
             459.24,863.03 469.50,860.06 470.59,857.63
             470.86,857.09 469.78,857.09 469.23,856.82
             468.96,856.28 462.75,857.63 454.91,856.82
             454.64,856.82 455.45,856.55 458.97,855.47
             459.51,855.47 460.05,855.20 460.05,854.66
             460.05,854.39 459.24,854.12 459.51,853.85
             461.94,851.69 460.86,855.20 464.10,853.85
             465.72,853.31 470.32,853.04 469.23,851.69
             468.96,851.42 456.80,853.04 456.26,853.04
             453.83,852.50 451.94,848.72 452.21,846.02
             452.48,844.94 454.64,847.10 455.45,846.56
             456.26,846.02 454.91,845.21 454.91,844.40
             455.45,841.97 459.78,843.32 462.21,842.78
             464.10,842.51 466.53,842.78 467.88,841.43
             468.96,840.62 465.18,838.72 463.83,839.54
             463.56,840.08 464.37,841.16 463.83,841.43
             463.56,841.70 455.45,837.64 453.83,835.48
             453.56,834.94 455.45,836.29 455.99,836.02
             456.53,835.75 455.99,834.67 456.53,834.40
             457.88,833.59 461.67,833.86 463.56,834.13
             465.99,834.13 467.61,836.56 469.78,837.64
             471.94,838.72 465.72,833.32 466.80,831.16
             467.61,829.27 470.86,830.62 472.75,829.81
             473.83,829.27 473.83,827.65 474.91,827.38
             475.18,827.38 492.48,830.35 494.37,829.27
             495.72,828.46 490.85,828.73 490.04,827.38
             489.77,826.57 490.85,825.22 490.58,824.41
             490.31,823.87 484.91,829.27 482.21,829.00
             481.67,828.73 483.83,827.38 483.02,827.11
             482.21,826.84 481.13,827.92 480.04,827.65
             478.96,827.38 478.15,826.57 477.61,825.76
             477.34,825.22 477.88,824.68 477.61,824.41
             477.61,824.41 469.78,826.03 468.69,825.49
             467.88,825.22 470.59,825.49 471.40,825.22
             473.56,824.14 475.18,822.79 477.34,821.98
             477.88,821.44 478.96,822.25 479.50,821.98
             480.59,820.90 480.86,819.01 482.21,817.66
             482.75,817.12 483.56,816.85 484.37,816.58
             484.91,816.04 482.48,816.58 481.94,815.77
             480.86,814.42 484.37,813.34 485.45,812.26
             486.26,811.17 486.80,809.82 488.15,809.55
             488.96,809.28 489.23,811.44 490.04,811.17
             492.21,811.17 494.37,810.36 496.26,809.28
             496.80,809.01 494.10,809.55 494.10,808.74
             494.10,807.93 495.99,808.20 495.99,807.39
             495.72,806.58 490.31,807.66 484.37,806.04
             478.69,804.42 484.37,804.69 483.02,800.10
             481.67,795.24 474.10,798.75 471.94,795.51
             465.99,787.68 477.07,790.92 477.34,790.92
             477.61,790.65 476.26,789.84 476.53,789.57
             477.61,787.68 478.96,785.79 481.13,785.25
             483.02,784.71 485.18,786.33 487.34,786.33
             487.88,786.33 488.42,786.06 488.69,785.52
             492.21,777.14 482.21,783.35 481.67,780.92
             481.13,779.84 484.10,780.92 484.91,780.11
             486.53,779.03 483.83,776.33 483.56,776.06
             483.56,774.17 485.99,771.74 484.64,770.12
             483.56,769.04 481.40,773.09 480.31,772.01
             479.23,770.93 481.94,769.58 482.48,768.23
             482.75,767.15 480.04,767.42 482.48,766.88
             484.91,766.34 497.61,766.34 498.96,769.85
             499.77,771.74 498.69,774.71 500.31,775.25
             501.93,775.79 501.93,772.55 503.29,771.74
             505.72,770.39 512.74,778.49 513.02,777.68
             513.83,775.79 511.12,773.63 511.39,771.47
             511.93,769.04 520.04,769.85 520.04,769.58
             522.20,768.77 523.83,767.15 525.18,765.53
             525.99,764.45 521.12,765.53 521.12,764.99
             520.31,762.02 521.12,766.07 517.61,765.80
             517.07,765.80 517.88,764.72 517.88,764.18
             517.88,763.91 517.88,763.37 517.61,763.37
             516.53,762.83 511.12,762.56 511.93,759.32
             513.56,753.91 518.96,759.86 520.58,759.32
             521.66,758.78 517.34,757.16 518.15,756.07
             519.23,754.99 521.39,757.16 522.74,756.89
             524.10,756.61 521.66,754.72 520.85,753.91
             520.31,753.37 522.74,753.37 523.01,752.56
             524.10,747.97 512.47,752.56 526.53,746.08
             527.34,745.81 528.42,746.62 529.50,746.89
             533.28,747.97 537.61,747.70 540.85,749.86
             542.74,751.21 535.99,753.91 537.07,755.80
             538.15,756.89 540.31,754.99 541.66,753.64
             542.20,753.10 540.85,750.67 541.93,750.67
             543.55,751.21 544.63,753.37 545.72,754.72
             545.72,754.72 545.72,754.72 545.72,754.72
             539.77,754.72 541.39,761.48 537.07,764.18
             536.26,764.72 529.23,762.56 529.77,764.18
             530.04,765.80 533.55,766.61 533.01,768.23
             533.01,768.23 522.47,770.93 522.20,770.93
             521.12,772.28 531.66,786.33 535.72,786.06
             548.15,784.98 533.28,779.57 544.90,777.95
             547.88,777.41 546.53,783.89 547.88,786.60
             548.42,787.68 551.12,787.14 550.85,789.03
             550.31,790.38 548.42,792.81 549.77,793.08
             558.96,796.32 553.28,790.11 557.34,792.54
             557.34,792.54 558.42,793.89 558.42,793.89
             558.15,793.62 557.88,793.35 557.61,793.08 Z" />
</svg>
