<?xml version="1.0" encoding="UTF-8" standalone="no"?>
<!DOCTYPE svg PUBLIC "-//W3C//DTD SVG 20010904//EN"
              "http://www.w3.org/TR/2001/REC-SVG-20010904/DTD/svg10.dtd">

<svg xmlns="http://www.w3.org/2000/svg"
     width="22.2222in" height="16.6667in"
     viewBox="0 0 2000 1500">
  <path id="gb"
        fill="none" stroke="black" stroke-width="1"
        d="M 591.54,822.63
           C 596.41,826.41 600.46,828.58 595.33,831.01M 592.35,832.36
           C 591.54,832.90 590.73,833.17 589.92,833.17
             589.11,833.17 590.73,832.09 590.46,831.55
             588.84,825.87 584.79,824.79 591.54,822.63M 619.38,639.24
           C 621.00,640.05 624.00,641.24 624.27,643.13
             624.27,644.48 621.00,647.34 622.08,646.53
             623.70,645.45 624.63,642.21 626.13,642.48
             627.76,643.02 625.86,646.53 627.22,647.61
             628.30,648.42 628.84,645.45 629.92,645.18
             633.97,644.10 643.16,645.72 648.57,646.53
             650.73,646.80 653.70,644.91 655.05,646.53
             656.40,647.88 652.89,649.23 652.08,650.85
             651.54,652.47 652.08,654.09 651.54,655.71
             651.00,657.06 633.97,667.33 630.73,669.76
             625.32,673.81 633.16,669.22 635.86,671.38
             636.94,671.92 634.51,673.00 633.43,673.81
             632.62,674.62 632.08,675.97 630.73,676.24
             630.19,676.24 630.73,674.35 630.19,674.35
             629.11,674.08 628.30,675.16 627.49,675.43
             625.59,676.24 625.32,674.08 624.51,675.97
             622.35,680.83 627.49,682.45 628.84,680.83
             629.11,680.29 627.76,679.48 628.30,679.48
             629.65,679.21 631.00,680.29 632.62,680.29
             635.59,680.02 639.38,676.78 643.16,677.59
             645.05,677.86 646.67,679.75 648.57,680.29
             653.16,681.64 668.29,681.37 670.73,686.77
             671.27,688.39 671.54,690.01 671.00,691.64
             671.00,691.64 664.78,697.85 664.78,697.85
             663.97,698.93 663.43,700.28 663.16,701.63
             662.89,702.17 663.43,702.71 663.16,702.98
             661.00,707.03 649.65,722.97 646.13,723.24
             640.73,723.78 638.84,721.08 634.24,724.59
             633.43,725.13 635.86,725.40 636.67,725.13
             638.84,724.86 640.73,723.51 642.62,723.24
             646.40,722.97 643.43,725.67 643.70,726.48
             644.51,728.37 648.03,728.91 647.75,730.80
             646.94,736.74 641.27,731.61 639.65,731.88
             631.27,733.23 646.40,736.74 628.84,735.39
             628.57,735.39 628.57,738.36 628.84,738.36
             630.73,739.17 628.57,737.55 630.46,737.82
             632.62,738.36 637.22,741.87 639.65,740.25
             640.73,739.44 641.00,737.55 642.08,737.01
             642.62,736.74 652.89,744.30 653.97,745.39
             655.86,746.74 656.67,753.49 658.56,755.65
             659.65,756.73 661.27,757.00 662.08,758.08
             662.35,758.62 661.81,759.16 661.81,759.97
             661.54,761.59 661.54,763.48 661.54,765.10
             661.81,769.96 663.70,789.95 665.32,794.00
             665.59,794.54 666.13,792.92 666.67,793.19
             667.75,793.46 668.56,794.81 669.65,795.35
             674.51,798.32 673.43,795.89 678.02,801.57
             679.64,803.46 678.83,806.70 680.18,808.86
             681.54,811.83 685.32,809.13 685.32,814.53
             685.32,816.15 682.35,816.15 682.08,817.77
             681.00,822.09 686.13,828.31 687.21,832.09
             688.56,837.22 684.24,829.66 683.97,835.33
             683.97,836.68 693.70,846.94 688.83,852.07
             685.05,855.86 683.43,851.53 680.73,858.29
             680.46,859.10 682.62,858.02 683.16,858.56
             684.24,859.37 684.51,860.99 685.32,861.80
             686.13,862.61 687.48,863.96 688.29,863.42
             693.70,859.91 689.64,856.40 695.32,857.21
             704.51,858.56 719.37,862.61 716.67,877.19
             715.86,881.78 709.64,893.94 705.05,895.56
             703.43,896.10 700.99,892.86 700.45,894.21
             698.02,899.07 710.72,897.72 699.91,900.69
             699.10,900.96 698.56,900.42 697.75,899.88
             697.48,899.88 697.48,899.34 697.21,899.34
             695.05,899.61 691.81,899.07 690.72,900.69
             689.91,902.31 694.78,900.15 695.86,901.50
             696.94,902.58 696.13,904.74 695.32,906.09
             693.16,909.61 687.21,907.17 684.24,908.25
             683.43,908.52 681.27,909.33 682.08,909.88
             682.35,909.88 690.18,907.44 689.91,910.96
             689.64,912.31 686.67,910.69 685.59,911.50
             684.78,912.31 687.75,913.66 688.83,913.12
             689.37,912.58 689.37,910.96 690.18,910.96
             691.27,910.69 692.35,911.77 693.43,912.58
             697.21,916.09 685.59,914.20 693.43,915.55
             697.21,916.09 701.26,913.12 705.32,914.74
             706.40,915.01 703.70,916.36 703.43,917.44
             702.89,919.33 703.16,921.22 702.89,923.38
             702.08,926.08 697.21,925.00 694.51,926.35
             693.43,927.16 694.24,929.86 692.89,930.40
             688.02,932.02 690.45,927.70 687.48,929.59
             684.51,931.48 681.81,930.67 678.83,932.02
             677.48,932.56 676.94,934.72 675.32,934.72
             672.89,934.72 668.56,930.13 666.13,929.59
             664.24,929.32 650.73,932.56 649.92,929.59
             649.65,928.24 653.43,929.32 650.73,927.43
             649.11,926.35 649.92,928.78 649.38,929.59
             648.84,929.86 648.03,929.32 647.75,928.78
             647.75,927.97 649.65,927.16 648.84,927.16
             648.03,926.89 647.21,928.78 646.40,928.51
             645.59,928.24 647.21,926.89 646.67,926.08
             644.78,923.65 645.86,928.51 645.05,928.24
             641.81,927.16 639.38,921.76 638.57,922.57
             637.49,923.92 640.73,925.81 640.46,927.43
             640.19,930.13 625.05,926.62 624.51,927.43
             623.70,928.78 626.41,930.67 626.13,932.29
             625.86,933.10 624.51,932.02 623.70,932.02
             623.70,932.02 623.43,932.02 623.43,932.02
             622.08,931.21 617.76,928.24 616.41,928.78
             614.78,929.59 615.32,932.02 614.51,933.37
             613.97,933.91 615.05,931.75 614.78,930.94
             614.24,929.59 612.89,928.51 611.54,927.43
             608.03,923.92 597.76,921.49 592.89,923.38
             592.89,923.38 589.92,936.34 585.87,938.24
             582.62,939.59 576.95,931.75 574.79,930.67
             573.44,929.86 577.49,933.10 573.98,932.29
             570.73,931.48 566.14,928.24 562.36,929.32
             561.00,929.59 561.55,932.02 560.46,932.56
             558.84,933.10 556.95,932.02 555.06,932.02
             554.79,932.02 554.52,932.02 554.25,932.29
             553.71,933.64 550.46,940.40 549.38,940.40
             547.76,940.13 548.57,936.61 547.49,935.26
             545.87,932.56 539.38,934.45 539.38,931.48
             539.38,929.59 550.19,929.05 550.46,929.05
             551.55,928.78 552.63,927.70 553.44,926.62
             553.98,926.35 553.44,925.27 553.98,925.00
             554.52,924.46 555.60,925.27 556.14,925.00
             558.03,923.38 558.57,920.95 560.46,919.60
             561.27,919.06 562.63,920.14 563.44,919.87
             564.25,919.33 563.98,918.25 564.79,917.71
             566.14,916.36 568.57,916.09 569.92,914.47
             570.73,913.39 570.46,907.17 572.36,906.36
             573.44,906.09 574.52,908.25 575.60,908.52
             581.81,909.06 574.52,899.61 589.65,902.31
             594.79,903.12 601.54,910.15 606.68,906.09
             608.30,904.74 607.76,902.04 608.57,900.42
             608.84,899.88 621.81,891.78 623.43,889.89
             625.05,888.00 616.41,893.67 615.32,894.48
             613.97,895.02 612.62,895.29 611.27,895.56
             610.46,895.56 609.92,894.21 609.11,894.48
             602.35,896.37 603.97,902.04 595.87,897.45
             593.16,895.56 593.70,890.97 591.27,888.54
             589.11,886.38 585.06,891.24 582.35,889.89
             581.81,889.62 581.27,881.24 581.00,880.43
             580.73,879.89 580.46,881.51 579.92,881.51
             578.03,881.78 580.46,879.62 573.98,881.51
             573.17,881.51 573.44,883.14 572.90,883.68
             571.27,884.22 569.11,884.76 567.49,884.22
             566.14,883.95 563.71,882.33 564.25,881.24
             565.06,879.62 567.76,880.70 569.38,880.43
             570.19,880.16 562.63,879.89 561.82,878.81
             560.73,877.19 561.27,875.03 561.27,873.14
             561.27,867.74 571.27,870.71 572.63,870.17
             574.25,869.63 574.52,866.93 576.41,866.66
             577.76,866.66 579.11,868.01 580.46,867.74
             584.79,866.66 593.43,859.37 595.06,855.59
             595.60,854.50 594.52,843.97 592.89,842.35
             588.30,836.68 583.17,852.88 581.27,841.81
             580.73,839.92 586.41,839.65 589.92,836.95
             590.46,836.14 590.19,834.79 590.73,833.98
             591.27,833.17 591.81,832.63 592.35,832.36
             593.43,831.55 594.52,831.28 595.33,831.01
             597.22,831.01 598.84,831.82 602.62,830.47
             603.16,830.20 601.54,828.31 602.35,828.58
             604.24,828.85 605.33,831.01 607.22,831.28
             611.00,831.82 611.81,828.31 614.51,830.74
             615.87,832.09 616.41,836.14 618.03,835.06
             619.65,833.98 616.68,831.01 617.22,829.12
             617.49,828.04 622.35,828.58 625.86,832.90
             626.68,833.71 623.70,832.90 622.62,832.36
             620.19,831.01 619.11,826.95 619.65,823.98
             619.92,822.36 621.54,821.01 622.89,819.93
             623.97,819.12 626.68,819.93 626.41,818.58
             625.86,816.96 622.62,816.96 622.08,815.34
             618.57,807.78 627.76,813.72 627.76,810.48
             628.03,808.86 625.86,809.67 626.68,807.78
             627.49,805.89 629.92,804.54 629.65,802.38
             629.38,798.32 626.13,805.62 622.35,805.89
             619.92,805.89 623.16,800.76 622.35,798.59
             621.81,797.51 620.46,800.76 619.38,800.49
             616.14,799.40 618.84,796.43 618.57,794.81
             618.57,794.81 615.32,788.06 615.32,788.06
             615.05,784.82 623.97,775.91 624.24,775.91
             624.78,776.18 624.51,777.53 625.05,777.26
             627.22,776.72 630.19,776.18 630.73,774.29
             631.27,772.67 627.49,774.29 625.86,774.02
             624.78,773.75 623.70,772.39 622.35,772.67
             620.73,773.21 619.92,775.37 618.30,775.91
             616.95,776.45 615.32,775.37 613.97,775.64
             612.35,776.18 611.54,777.53 610.19,778.07
             609.65,778.34 608.84,778.34 608.57,777.80
             608.30,776.99 609.92,775.64 609.11,775.37
             608.30,775.10 608.57,776.99 608.03,777.53
             607.76,777.80 607.22,777.53 606.95,777.26
             605.60,775.64 605.60,771.58 602.62,771.04
             598.84,770.23 603.97,774.83 601.27,779.15
             600.19,780.77 598.84,776.45 597.76,774.83
             589.92,764.56 598.03,776.45 587.49,770.23
             584.79,768.61 591.27,769.96 591.00,768.61
             590.73,762.40 591.81,762.94 595.60,758.62
             602.62,750.79 590.73,759.97 599.38,752.14
             600.19,751.33 602.08,751.33 602.62,750.25
             603.70,748.36 598.57,742.14 598.30,741.60
             598.03,740.79 599.65,740.79 599.92,739.98
             600.73,738.09 599.92,735.66 600.73,733.50
             601.81,731.07 603.97,733.77 606.41,734.85
             615.32,738.90 601.81,732.42 601.81,731.88
             601.00,730.26 601.81,728.10 602.08,725.94
             602.08,724.59 603.16,722.97 602.35,721.89
             602.08,721.62 591.27,727.56 590.46,728.37
             588.30,730.26 591.81,734.04 591.27,737.01
             591.00,738.09 588.84,737.82 588.03,738.63
             587.49,739.17 586.95,739.98 586.95,740.79
             586.68,741.60 587.22,742.68 586.95,743.22
             586.14,745.39 583.98,746.47 583.17,748.63
             582.89,749.17 584.52,750.25 583.98,750.52
             582.08,751.60 579.65,752.41 577.49,751.60
             575.87,750.79 579.65,748.63 580.46,747.28
             582.08,745.11 581.54,741.60 583.17,739.44
             583.17,739.44 588.84,734.58 588.84,734.58
             588.30,733.23 585.33,735.12 584.79,733.77
             584.25,732.69 592.08,728.10 588.30,727.29
             586.68,726.75 585.87,730.80 584.52,729.99
             582.89,728.64 588.30,727.56 589.38,725.67
             590.46,723.51 589.65,718.65 590.46,716.75
             591.00,715.13 592.35,713.51 593.70,713.24
             595.06,712.97 597.49,715.94 597.49,714.59
             597.49,713.24 594.52,713.24 593.70,711.89
             591.81,708.11 602.89,706.22 603.16,706.22
             603.97,705.41 599.65,706.49 599.65,705.41
             599.65,703.79 602.35,703.52 602.89,701.90
             603.43,701.09 601.27,702.44 600.46,703.25
             598.57,704.60 598.84,705.14 597.22,705.95
             593.70,707.84 590.46,710.81 588.03,709.73
             588.30,710.27 588.57,710.54 589.11,710.81
             589.38,711.35 590.46,711.89 589.92,712.43
             587.76,714.32 576.95,718.11 575.06,714.32
             574.79,714.05 575.06,713.24 575.33,713.24
             580.73,711.08 576.41,719.19 583.17,710.00
             587.49,704.33 570.46,707.30 582.62,703.25
             583.17,704.33 583.71,705.41 584.52,706.22
             584.79,706.76 585.33,707.30 585.87,707.57
             585.33,706.76 584.79,705.68 584.52,704.33
             584.25,703.52 586.41,704.33 587.22,704.33
             589.38,704.33 591.54,705.41 593.43,704.60
             595.87,703.52 578.84,703.79 581.00,700.55
             582.62,698.39 589.65,701.36 590.19,700.28
             591.27,697.58 583.44,694.34 591.00,692.45
             592.89,691.91 594.79,694.34 596.95,693.80
             604.24,692.18 595.06,687.31 595.06,687.31
             595.87,685.42 599.92,687.85 601.27,686.23
             602.62,684.61 601.54,681.91 601.54,679.75
             601.54,678.13 601.81,676.51 601.27,675.43
             601.00,674.89 592.08,665.44 598.03,663.01
             599.38,662.19 599.65,667.33 601.27,666.79
             603.43,666.25 600.46,660.03 603.70,661.92
             608.03,664.36 608.30,664.63 608.30,664.36
             609.11,660.84 606.14,660.57 606.41,657.06
             606.41,655.71 609.92,658.68 610.46,657.33
             611.54,655.44 609.11,653.01 609.38,651.12
             609.38,650.31 610.19,652.47 611.00,652.47
             612.89,653.28 615.87,654.90 617.22,653.28
             618.30,651.93 614.51,650.58 613.97,648.96
             612.62,644.37 616.68,647.88 616.68,647.88
             617.22,647.34 615.87,646.26 616.14,645.72
             616.68,645.45 618.03,646.80 618.03,646.26
             618.03,645.45 616.14,644.91 616.41,644.10
             616.68,642.21 618.30,640.86 619.38,639.24M 699.37,588.19
           C 699.37,589.00 699.91,589.54 699.64,590.08
             699.37,590.62 698.02,589.81 698.02,590.35
             697.75,591.70 700.45,589.00 701.80,589.27
             702.62,589.54 700.45,590.62 699.91,591.43
             699.91,591.70 700.99,592.51 700.72,592.78
             700.18,593.05 699.10,591.70 698.83,592.51
             698.83,593.05 700.45,593.05 700.45,593.86
             700.72,596.29 697.21,595.48 697.48,596.29
             697.75,599.80 698.02,602.50 692.62,608.18
             692.35,608.72 692.89,607.09 693.16,606.55
             694.78,603.04 697.75,597.10 696.40,596.29
             695.32,595.21 694.24,599.26 692.89,598.45
             690.99,597.64 690.18,595.21 689.64,593.32
             689.37,592.78 690.45,593.05 690.99,592.78
             693.16,592.51 695.32,593.05 697.21,592.24
             698.56,591.43 698.56,589.54 699.37,588.19 Z
           M 663.43,636.81
           C 659.92,643.83 643.70,628.70 655.05,627.89
             656.67,627.89 658.29,629.78 658.29,631.67
             658.56,632.75 655.05,632.48 655.59,633.29
             656.40,634.91 658.84,634.91 660.46,635.46
             661.27,636.00 662.35,636.27 663.43,636.81 Z
           M 544.92,754.37
           C 545.73,755.45 546.81,756.26 547.90,755.72
             549.52,754.91 550.06,752.21 551.68,751.40
             553.30,750.32 555.19,752.75 556.81,752.48
             558.71,752.48 560.06,751.13 561.68,751.40
             563.57,751.67 564.65,753.56 566.27,754.10
             567.08,754.64 568.70,753.56 568.98,754.37
             570.06,756.26 570.60,758.96 570.06,761.12
             570.06,761.93 568.98,762.20 568.98,762.74
             571.95,774.35 570.60,759.23 573.84,769.49
             574.92,772.46 567.89,776.51 567.89,776.51
             572.49,775.43 577.35,771.92 576.54,782.73
             575.46,793.26 567.89,787.59 565.73,790.02
             563.84,791.91 565.19,796.23 560.33,795.42
             559.25,795.42 558.44,794.34 557.62,793.53
             557.62,793.53 556.54,792.18 556.54,792.18
             552.49,789.75 558.17,795.96 548.98,792.72
             547.63,792.45 549.52,790.02 550.06,788.67
             550.33,786.78 547.63,787.32 547.08,786.24
             545.73,783.54 547.08,777.06 544.11,777.60
             532.49,779.22 547.36,784.62 534.92,785.70
             530.87,785.97 520.33,771.92 521.41,770.57
             521.68,770.57 532.22,767.87 532.22,767.87
             532.76,766.25 529.25,765.44 528.98,763.82
             528.44,762.20 535.46,764.36 536.27,763.82
             540.60,761.12 538.98,754.37 544.92,754.37
             544.92,754.37 544.92,754.37 544.92,754.37 Z
           M 596.41,642.48
           C 595.06,644.64 591.27,646.80 590.73,648.42
             590.46,649.77 590.19,657.33 586.68,657.33
             584.79,657.06 585.06,654.09 583.71,652.74
             582.08,651.66 584.25,657.33 582.62,658.14
             581.81,658.41 580.73,657.06 580.19,657.60
             578.30,658.68 578.03,662.46 575.87,662.46
             573.98,662.46 572.36,659.22 573.44,657.60
             574.52,655.71 579.11,658.95 579.92,656.79
             580.73,654.90 576.14,654.63 575.33,652.47
             575.06,651.66 577.22,651.93 577.76,651.39
             578.03,651.12 576.95,651.39 576.95,651.12
             576.41,650.04 576.14,648.96 576.41,647.88
             578.84,641.13 580.73,647.34 584.52,648.15
             584.79,648.15 583.17,644.10 583.98,643.29
             586.68,640.05 586.68,643.02 589.38,642.75
             589.65,642.48 589.65,641.67 589.92,641.67
             591.54,640.32 593.16,638.16 595.06,638.43
             596.41,638.70 595.87,641.13 596.41,642.48 Z
           M 599.92,788.60
           C 598.57,788.87 597.22,788.87 595.87,789.68
             594.79,790.49 594.52,792.38 593.43,793.46
             581.81,804.00 600.46,801.30 599.92,788.60 Z" />
</svg>
