<?xml version="1.0" encoding="UTF-8" standalone="no"?>
<!DOCTYPE svg PUBLIC "-//W3C//DTD SVG 20010904//EN"
              "http://www.w3.org/TR/2001/REC-SVG-20010904/DTD/svg10.dtd">

<svg xmlns="http://www.w3.org/2000/svg"
     width="22.2222in" height="16.6667in"
     viewBox="0 0 2000 1500">
  <path id="ch"
        fill="none" stroke="black" stroke-width="1"
        d="M 904.34,1088.30
           C 904.07,1089.38 904.34,1090.73 903.80,1091.81
             903.53,1092.89 902.72,1093.70 902.18,1094.78
             902.18,1095.32 907.31,1099.10 904.07,1100.18
             898.39,1101.53 900.28,1093.70 895.42,1097.21
             891.64,1099.91 896.50,1102.88 897.04,1104.23
             897.31,1105.31 895.69,1106.12 895.69,1107.20
             895.96,1108.28 897.04,1108.82 897.58,1109.63
             897.85,1110.71 895.69,1111.79 894.61,1111.25
             892.72,1110.17 893.80,1105.85 891.64,1105.58
             884.34,1104.23 887.85,1109.63 883.53,1108.28
             876.50,1106.66 880.83,1101.26 877.31,1100.72
             872.72,1099.91 875.69,1107.20 875.69,1107.74
             874.61,1112.60 868.12,1114.23 868.12,1120.17
             868.12,1122.87 873.53,1121.79 868.93,1125.30
             867.31,1126.65 866.77,1122.06 865.69,1120.71
             864.88,1119.90 862.99,1120.44 862.72,1119.36
             862.45,1118.28 864.34,1117.47 864.61,1116.39
             864.61,1115.85 864.07,1115.31 863.80,1115.31
             860.83,1114.23 856.50,1113.42 854.61,1109.90
             854.34,1108.82 855.15,1107.74 855.15,1106.93
             855.15,1105.31 855.42,1103.69 854.88,1102.07
             854.61,1101.80 854.07,1102.34 853.53,1102.61
             852.18,1103.69 851.10,1104.77 849.75,1105.85
             848.40,1106.93 846.23,1107.47 845.69,1109.09
             845.42,1110.17 847.86,1110.71 847.58,1112.06
             847.58,1113.42 840.02,1121.25 839.75,1121.25
             837.32,1121.25 835.42,1118.01 832.99,1118.55
             829.48,1119.36 822.18,1124.76 819.48,1119.90
             818.40,1118.28 818.40,1116.39 817.05,1115.04
             816.78,1114.50 815.70,1116.12 815.43,1115.58
             815.15,1114.77 816.51,1113.42 815.97,1112.60
             815.70,1111.79 814.07,1112.60 813.53,1112.06
             811.91,1109.36 815.70,1109.63 815.43,1108.01
             815.15,1106.66 813.53,1106.12 813.53,1104.77
             813.26,1103.96 815.43,1102.34 814.34,1102.07
             810.83,1100.45 803.26,1100.45 800.83,1104.23
             800.29,1104.77 800.56,1105.31 800.56,1106.12
             800.83,1106.66 802.18,1107.20 801.91,1107.74
             800.29,1110.98 796.51,1112.33 793.26,1111.52
             792.99,1111.52 794.35,1110.98 794.35,1110.44
             794.35,1106.93 797.05,1108.28 797.32,1107.47
             798.67,1103.15 795.16,1099.37 798.40,1095.32
             800.29,1092.62 805.16,1092.62 806.24,1089.65
             807.05,1088.03 805.43,1085.59 806.24,1083.70
             807.32,1081.54 811.10,1082.35 812.72,1080.46
             814.61,1078.84 816.78,1073.44 819.21,1071.55
             820.56,1070.47 821.91,1073.44 822.18,1069.66
             822.18,1068.31 818.13,1071.01 817.86,1069.66
             817.32,1068.31 819.48,1067.23 820.29,1066.15
             820.29,1066.15 820.83,1066.42 820.83,1066.15
             820.83,1065.61 819.75,1064.53 820.29,1064.26
             827.86,1062.10 824.61,1072.36 833.80,1062.91
             834.07,1062.91 834.61,1062.37 834.88,1061.83
             834.88,1061.83 835.42,1061.29 835.42,1061.29
             835.96,1061.02 836.50,1061.02 837.05,1061.56
             837.32,1061.83 835.42,1062.10 835.69,1062.64
             836.50,1064.26 848.94,1061.29 849.75,1061.29
             855.15,1061.02 850.29,1066.15 857.04,1062.64
             857.31,1062.37 856.50,1061.02 857.04,1060.75
             857.85,1060.21 860.83,1059.94 859.75,1059.67
             858.12,1059.40 856.50,1059.94 854.88,1059.67
             854.07,1059.40 858.67,1052.10 862.72,1056.15
             863.26,1056.69 861.91,1057.77 862.18,1058.59
             862.45,1059.13 863.53,1059.40 864.07,1059.13
             864.61,1058.86 863.80,1056.96 864.07,1057.50
             865.15,1058.04 865.15,1059.94 866.23,1060.48
             866.23,1060.48 875.15,1059.94 875.42,1059.94
             878.12,1060.48 880.01,1063.18 882.45,1064.53
             882.45,1064.53 882.45,1064.80 882.45,1064.80
             882.45,1066.69 885.96,1067.23 884.88,1069.93
             884.61,1070.47 883.53,1070.20 883.26,1070.47
             882.45,1071.82 879.74,1081.54 880.29,1081.81
             880.83,1082.08 889.74,1082.89 890.01,1082.89
             890.55,1083.43 889.20,1084.24 889.74,1084.78
             891.10,1086.41 892.72,1087.49 894.61,1088.30
             898.93,1090.46 899.74,1083.16 902.72,1083.70
             903.53,1083.70 904.07,1083.97 904.61,1084.24
             904.61,1084.24 904.34,1086.68 904.34,1086.68
             904.07,1087.49 903.80,1088.03 904.34,1088.30 Z" />
</svg>
