<?xml version="1.0" encoding="UTF-8" standalone="no"?>
<!DOCTYPE svg PUBLIC "-//W3C//DTD SVG 20010904//EN"
              "http://www.w3.org/TR/2001/REC-SVG-20010904/DTD/svg10.dtd">

<svg xmlns="http://www.w3.org/2000/svg"
     width="22.2222in" height="16.6667in"
     viewBox="0 0 2000 1500">
  <path id="at"
        fill="none" stroke="black" stroke-width="1"
        d="M 882.45,1064.80
           C 882.45,1066.69 885.96,1067.23 884.88,1069.93
             884.61,1070.47 883.53,1070.20 883.26,1070.47
             882.99,1071.28 882.18,1073.44 881.37,1075.87
             881.37,1075.87 882.72,1078.84 882.72,1078.84
             882.72,1078.84 882.72,1082.08 882.72,1082.08
             885.42,1082.35 889.74,1082.89 890.01,1082.89
             890.55,1083.43 889.20,1084.24 889.74,1084.78
             891.10,1086.41 892.72,1087.49 894.61,1088.30
             898.93,1090.46 899.74,1083.16 902.72,1083.70
             908.39,1084.51 902.45,1087.49 904.34,1088.30
             908.66,1090.46 904.88,1087.76 909.20,1088.30
             911.36,1088.57 913.53,1094.24 917.85,1091.81
             917.85,1091.81 921.36,1084.51 921.36,1084.51
             923.53,1082.89 932.98,1083.97 935.42,1083.70
             939.47,1083.43 942.71,1079.92 946.77,1079.92
             947.85,1079.92 944.87,1081.27 944.60,1082.35
             943.25,1088.03 946.77,1084.24 948.93,1087.49
             949.47,1088.30 948.12,1089.38 948.66,1090.46
             948.93,1091.00 949.74,1089.92 950.28,1090.46
             955.41,1094.24 956.77,1094.78 963.79,1095.86
             971.90,1096.94 980.28,1097.41 988.66,1098.56
             990.82,1098.83 992.98,1100.45 995.14,1100.72
             997.30,1100.99 999.47,1099.37 1001.63,1099.64
             1002.98,1099.91 1003.79,1101.80 1005.14,1101.80
             1005.68,1102.07 1005.41,1100.45 1005.95,1100.18
             1007.30,1098.83 1009.46,1098.29 1010.82,1096.67
             1011.90,1095.86 1011.09,1093.97 1011.90,1093.16
             1017.03,1089.11 1022.44,1094.24 1027.30,1092.08
             1028.92,1091.27 1029.19,1088.84 1030.81,1088.30
             1031.08,1088.03 1040.00,1089.38 1040.27,1089.11
             1041.08,1088.84 1039.46,1087.76 1039.19,1086.95
             1038.65,1084.24 1039.73,1082.62 1041.62,1082.08
             1041.62,1082.08 1041.62,1082.08 1041.62,1082.08
             1046.49,1076.68 1048.65,1075.87 1051.08,1071.82
             1051.62,1070.74 1046.76,1065.07 1048.11,1062.37
             1050.00,1058.59 1054.60,1062.64 1054.06,1057.23
             1053.79,1052.64 1045.68,1053.18 1047.30,1051.83
             1051.08,1048.59 1060.81,1052.91 1062.43,1049.94
             1062.70,1048.86 1058.92,1040.22 1062.70,1038.60
             1059.46,1035.09 1056.76,1031.58 1054.33,1027.52
             1052.16,1024.01 1060.00,1018.34 1054.33,1014.29
             1053.52,1013.75 1052.43,1015.37 1051.62,1015.37
             1050.27,1015.10 1047.57,1011.59 1045.68,1012.13
             1044.33,1012.67 1043.79,1014.83 1042.17,1015.64
             1041.08,1015.91 1039.73,1015.37 1038.65,1015.37
             1031.36,1014.56 1025.14,1008.62 1017.30,1008.62
             1015.95,1008.62 1014.87,1010.24 1013.52,1010.24
             1012.98,1009.97 1013.52,1008.62 1012.98,1008.35
             1011.90,1007.81 1010.28,1007.27 1009.46,1008.08
             1009.19,1008.62 1009.74,1016.45 1009.19,1016.99
             1008.65,1017.80 1006.76,1015.91 1005.68,1016.72
             1005.68,1016.72 1003.52,1023.74 1003.52,1023.74
             1001.63,1024.28 999.74,1021.85 997.84,1021.85
             996.76,1021.85 997.03,1024.01 995.95,1024.28
             990.28,1026.44 987.03,1020.77 982.71,1018.61
             982.71,1018.61 982.44,1018.61 982.44,1018.61
             982.71,1019.42 982.98,1020.23 982.98,1021.04
             982.71,1028.33 981.09,1026.71 975.41,1025.36
             974.87,1025.36 974.33,1025.63 974.06,1026.17
             973.52,1028.87 975.14,1031.85 972.44,1034.01
             970.01,1035.90 958.66,1038.60 958.39,1042.92
             958.39,1042.92 964.87,1051.83 964.87,1052.10
             965.14,1052.37 961.36,1055.61 962.71,1056.69
             965.68,1059.40 968.66,1055.34 966.22,1064.26
             966.22,1064.80 965.68,1065.61 965.14,1065.61
             956.50,1063.18 963.25,1058.86 959.20,1058.59
             957.04,1058.59 955.14,1060.48 952.98,1060.21
             951.90,1059.94 952.17,1058.04 951.36,1057.77
             949.74,1057.23 948.12,1058.59 946.77,1058.04
             946.23,1057.77 947.31,1056.15 946.77,1056.15
             943.52,1056.42 946.50,1060.75 945.69,1061.02
             941.90,1062.10 935.69,1060.48 932.17,1061.83
             931.09,1062.37 931.63,1064.26 930.55,1064.80
             929.47,1065.61 928.12,1064.26 927.04,1065.07
             926.23,1065.34 927.31,1066.69 926.77,1067.23
             926.50,1067.50 917.31,1069.93 916.23,1069.39
             915.69,1068.85 916.23,1067.50 915.69,1066.96
             915.42,1066.42 914.07,1066.42 913.80,1065.88
             913.53,1065.34 915.15,1065.61 914.88,1065.07
             913.80,1061.56 906.23,1065.88 904.07,1063.45
             904.07,1063.45 904.61,1063.18 904.61,1062.91
             902.99,1061.83 904.61,1066.42 904.07,1068.31
             904.07,1069.39 898.93,1075.60 897.04,1073.71
             895.96,1072.63 898.93,1071.01 898.12,1069.93
             897.85,1069.66 897.04,1070.74 896.50,1070.74
             895.96,1070.74 895.15,1070.47 894.88,1069.93
             894.34,1069.12 896.23,1068.04 894.88,1066.96
             893.80,1066.15 893.26,1064.80 892.18,1064.26
             891.37,1063.72 890.28,1065.07 889.20,1064.80
             888.66,1064.26 889.20,1062.91 888.66,1062.37
             887.31,1061.29 887.58,1066.15 883.26,1064.80
             882.99,1064.53 882.72,1064.53 882.45,1064.53
             882.45,1064.53 882.45,1064.80 882.45,1064.80 Z" />
</svg>
