<?xml version="1.0" encoding="UTF-8" standalone="no"?>
<!DOCTYPE svg PUBLIC "-//W3C//DTD SVG 20010904//EN"
              "http://www.w3.org/TR/2001/REC-SVG-20010904/DTD/svg10.dtd">

<svg xmlns="http://www.w3.org/2000/svg"
     width="22.2222in" height="16.6667in"
     viewBox="0 0 2000 1500">
  <path id="cz"
        fill="none" stroke="black" stroke-width="1"
        d="M 1056.22,1017.53
           C 1060.27,1001.59 1069.19,1015.10 1077.30,1004.84
             1077.84,1004.03 1077.03,1002.67 1077.57,1001.86
             1078.38,1000.78 1080.27,1001.32 1081.08,1000.24
             1081.08,1000.24 1083.24,991.87 1083.24,991.60
             1085.68,987.28 1092.16,983.77 1096.76,981.61
             1095.67,980.26 1096.49,977.83 1095.40,976.48
             1094.32,975.39 1092.16,976.21 1091.08,975.39
             1090.81,975.12 1088.38,968.64 1088.11,968.37
             1086.76,967.29 1084.32,968.10 1082.70,967.56
             1081.35,967.29 1078.38,966.48 1077.30,965.67
             1076.76,965.40 1076.76,964.32 1076.22,964.59
             1071.62,966.48 1080.54,967.02 1072.70,967.83
             1072.16,967.83 1071.35,967.56 1070.81,967.02
             1070.00,966.21 1070.27,964.86 1069.46,964.05
             1068.38,963.24 1064.60,962.97 1065.68,962.16
             1069.19,958.92 1071.35,962.97 1068.11,956.49
             1068.11,956.22 1067.57,956.22 1067.30,956.49
             1067.03,957.03 1067.30,958.11 1066.76,958.38
             1065.68,958.92 1064.33,958.38 1063.24,958.38
             1062.16,958.38 1060.81,958.92 1059.73,958.65
             1057.30,957.84 1052.70,953.79 1048.65,954.33
             1047.03,954.60 1052.98,960.54 1052.70,961.08
             1051.89,962.70 1049.19,962.16 1047.84,963.24
             1047.03,964.05 1047.30,965.94 1046.22,966.48
             1042.17,968.10 1040.54,961.08 1039.73,960.00
             1039.73,960.00 1033.52,956.22 1033.52,956.22
             1032.98,952.71 1043.25,951.36 1035.95,947.84
             1034.60,947.03 1028.65,950.28 1028.65,950.28
             1027.84,949.47 1028.65,948.11 1027.84,947.30
             1027.57,946.76 1026.76,947.30 1025.95,947.57
             1025.68,947.57 1025.41,948.38 1024.87,948.11
             1024.33,947.30 1024.60,945.95 1023.52,945.14
             1020.00,942.98 1016.49,945.41 1012.17,941.90
             1009.19,939.74 1013.25,937.58 1008.38,937.04
             1000.82,935.69 1009.37,941.63 1002.08,942.71
             1001.54,943.79 1001.27,944.39 1000.55,944.60
             997.03,945.41 991.36,930.56 988.39,938.93
             987.84,940.28 992.71,941.36 991.63,942.17
             988.39,944.87 983.79,945.14 980.55,947.03
             980.01,947.30 980.55,948.66 980.01,948.93
             977.85,950.01 974.87,948.38 973.25,949.74
             971.90,950.82 972.44,952.98 971.09,954.06
             970.55,954.60 970.01,952.71 969.20,952.98
             966.77,953.52 966.50,956.76 964.87,957.84
             964.06,958.65 962.44,957.30 961.63,958.11
             960.82,958.65 961.63,960.27 960.82,961.08
             959.74,962.43 956.77,960.00 955.96,960.00
             949.20,961.08 948.12,966.21 945.96,970.53
             945.42,971.61 945.42,967.83 944.33,967.02
             943.52,965.94 941.90,965.67 940.55,965.40
             938.12,964.86 943.25,973.50 948.66,977.02
             949.20,977.29 951.09,977.56 951.36,979.18
             952.17,982.96 948.66,981.61 948.12,984.58
             947.85,985.39 953.79,995.38 954.60,996.19
             959.20,1000.78 960.28,997.54 963.25,1000.51
             965.14,1002.40 965.41,1005.38 967.31,1007.00
             971.09,1009.70 980.55,1013.21 982.44,1018.61
             982.44,1018.61 982.71,1018.61 982.71,1018.61
             987.03,1020.77 990.28,1026.44 995.95,1024.28
             997.03,1024.01 996.76,1021.85 997.84,1021.85
             999.74,1021.85 1001.63,1024.28 1003.52,1023.74
             1003.52,1023.74 1005.68,1016.72 1005.68,1016.72
             1006.76,1015.91 1008.65,1017.80 1009.19,1016.99
             1009.74,1016.45 1009.19,1008.62 1009.46,1008.08
             1010.28,1007.27 1011.90,1007.81 1012.98,1008.35
             1013.52,1008.62 1012.98,1009.97 1013.52,1010.24
             1014.87,1010.24 1015.95,1008.62 1017.30,1008.62
             1025.14,1008.62 1031.36,1014.56 1038.65,1015.37
             1039.73,1015.37 1041.08,1015.91 1042.17,1015.64
             1043.79,1014.83 1044.33,1012.67 1045.68,1012.13
             1047.57,1011.59 1050.27,1015.10 1051.62,1015.37
             1052.43,1015.37 1053.52,1013.75 1054.33,1014.29
             1055.68,1015.37 1056.22,1016.45 1056.22,1017.53 Z" />
</svg>
