<?xml version="1.0" encoding="UTF-8" standalone="no"?>
<!DOCTYPE svg PUBLIC "-//W3C//DTD SVG 20010904//EN"
              "http://www.w3.org/TR/2001/REC-SVG-20010904/DTD/svg10.dtd">

<svg xmlns="http://www.w3.org/2000/svg"
     width="22.2222in" height="16.6667in"
     viewBox="0 0 2000 1500">
  <path id="sk"
        fill="none" stroke="black" stroke-width="1"
        d="M 1183.78,984.31
           C 1184.05,987.01 1182.15,990.79 1181.88,993.49
             1181.61,995.38 1181.88,997.27 1181.07,998.89
             1180.26,1000.78 1177.83,1001.32 1177.56,1003.21
             1177.02,1005.11 1178.37,1007.00 1178.37,1009.16
             1178.37,1011.32 1174.32,1011.32 1172.16,1011.86
             1171.07,1012.13 1169.99,1013.48 1169.18,1012.94
             1164.05,1011.32 1168.10,1006.19 1161.35,1005.92
             1158.64,1005.92 1157.02,1009.70 1154.32,1009.97
             1149.72,1010.78 1143.78,1005.92 1139.73,1011.05
             1138.10,1013.21 1139.18,1020.50 1136.21,1021.85
             1135.13,1022.12 1133.51,1021.04 1132.43,1021.58
             1128.10,1024.28 1134.32,1026.17 1127.56,1027.25
             1125.40,1027.52 1120.54,1021.58 1118.38,1025.36
             1117.56,1026.71 1118.92,1029.14 1117.84,1030.22
             1114.86,1033.20 1106.48,1031.31 1102.70,1034.01
             1099.19,1036.17 1102.97,1039.95 1104.05,1041.57
             1105.13,1043.46 1082.16,1047.51 1078.92,1046.97
             1073.78,1045.89 1070.00,1038.87 1065.14,1038.33
             1064.06,1038.06 1063.24,1038.33 1062.70,1038.60
             1059.46,1035.09 1056.76,1031.58 1054.33,1027.52
             1052.70,1024.82 1056.76,1021.04 1056.49,1017.53
             1060.27,1001.59 1069.19,1014.83 1077.30,1004.84
             1077.84,1004.03 1077.03,1002.67 1077.57,1001.86
             1078.38,1000.78 1080.27,1001.32 1081.08,1000.24
             1081.08,1000.24 1083.24,991.87 1083.24,991.60
             1085.68,987.28 1092.16,983.77 1096.76,981.61
             1097.30,982.42 1099.19,981.07 1100.00,981.88
             1100.81,982.69 1099.46,984.58 1100.27,985.39
             1104.59,988.90 1108.11,975.12 1110.81,977.02
             1112.43,978.10 1112.43,980.53 1113.78,981.88
             1114.05,982.15 1115.13,981.34 1115.40,981.61
             1115.67,982.15 1114.59,983.23 1115.13,983.50
             1116.48,983.77 1117.84,982.42 1118.92,982.96
             1120.81,983.77 1119.19,988.90 1119.19,989.44
             1119.19,990.79 1121.62,988.63 1122.97,988.36
             1124.05,988.09 1125.13,990.25 1126.21,989.71
             1126.48,989.44 1129.73,981.07 1133.51,980.26
             1134.59,979.99 1135.67,981.07 1136.75,981.07
             1137.83,980.80 1138.37,979.18 1139.46,979.45
             1141.62,979.72 1142.97,982.69 1145.13,982.69
             1146.75,982.69 1148.10,981.07 1148.91,979.72
             1149.18,979.18 1147.56,979.18 1147.56,978.64
             1148.37,974.85 1150.00,978.64 1151.08,978.10
             1151.89,977.83 1151.89,976.21 1152.70,976.21
             1156.75,975.12 1165.94,975.39 1169.45,978.10
             1170.26,978.91 1169.99,980.80 1171.07,981.34
             1172.70,982.42 1174.59,982.42 1176.48,982.96
             1178.91,983.77 1181.34,984.04 1183.78,984.31 Z" />
</svg>
