<?xml version="1.0" encoding="UTF-8" standalone="no"?>
<!DOCTYPE svg PUBLIC "-//W3C//DTD SVG 20010904//EN"
              "http://www.w3.org/TR/2001/REC-SVG-20010904/DTD/svg10.dtd">

<svg xmlns="http://www.w3.org/2000/svg"
     width="22.2222in" height="16.6667in"
     viewBox="0 0 2000 1500">
  <path id="hu"
        fill="none" stroke="black" stroke-width="1"
        d="M 1045.68,1081.54
           C 1045.68,1081.54 1045.68,1081.54 1045.68,1081.54
             1045.68,1081.54 1045.68,1081.54 1045.68,1081.54
             1045.68,1081.54 1045.68,1081.54 1045.68,1081.54
             1046.76,1081.54 1048.92,1089.92 1054.60,1094.51
             1061.89,1100.45 1068.11,1103.69 1073.78,1110.98
             1074.60,1112.06 1080.00,1111.25 1080.54,1111.52
             1082.70,1112.33 1084.32,1114.23 1086.22,1115.04
             1090.00,1116.66 1101.89,1116.39 1105.40,1113.42
             1105.94,1112.87 1106.21,1109.09 1108.11,1109.09
             1113.24,1108.28 1112.43,1109.36 1117.02,1104.23
             1117.84,1103.42 1118.92,1106.12 1121.35,1104.23
             1123.78,1102.34 1125.40,1099.10 1128.37,1097.48
             1134.59,1093.43 1129.46,1097.48 1134.05,1097.75
             1134.32,1097.75 1141.35,1095.59 1141.62,1095.59
             1142.97,1095.59 1144.32,1096.94 1145.67,1096.94
             1146.21,1096.67 1146.48,1095.59 1147.02,1095.32
             1148.64,1094.78 1156.75,1093.97 1157.29,1092.08
             1157.83,1091.00 1153.78,1089.65 1158.64,1088.84
             1160.53,1088.57 1162.43,1090.46 1164.05,1089.92
             1169.18,1088.03 1167.56,1078.30 1168.91,1075.33
             1169.45,1074.52 1170.80,1074.52 1171.34,1073.71
             1171.34,1073.71 1174.32,1064.26 1174.32,1064.26
             1174.86,1062.91 1175.67,1061.83 1175.67,1060.48
             1175.67,1059.94 1174.32,1059.94 1174.32,1059.40
             1174.59,1056.96 1177.56,1049.40 1178.91,1047.24
             1179.45,1046.70 1180.80,1047.24 1180.80,1046.43
             1182.15,1041.30 1180.26,1037.52 1186.21,1031.85
             1188.10,1029.68 1190.26,1031.04 1193.23,1029.95
             1196.21,1028.60 1196.48,1024.55 1198.64,1022.39
             1195.40,1019.69 1199.72,1020.23 1196.21,1017.80
             1195.67,1017.53 1194.86,1016.99 1194.05,1016.99
             1192.96,1017.26 1192.15,1018.61 1191.07,1018.34
             1189.45,1017.26 1189.18,1014.56 1187.56,1013.48
             1186.75,1012.94 1185.67,1014.29 1184.86,1014.02
             1180.53,1012.40 1184.59,1009.43 1178.37,1009.16
             1178.37,1011.32 1174.32,1011.32 1172.16,1011.86
             1171.07,1012.13 1169.99,1013.48 1169.18,1012.94
             1164.05,1011.32 1168.10,1006.19 1161.35,1005.92
             1158.64,1005.92 1157.02,1009.70 1154.32,1009.97
             1149.72,1010.78 1143.78,1005.92 1139.73,1011.05
             1138.10,1013.21 1139.18,1020.50 1136.21,1021.85
             1135.13,1022.12 1133.51,1021.04 1132.43,1021.58
             1128.10,1024.28 1134.32,1026.17 1127.56,1027.25
             1125.40,1027.52 1120.54,1021.58 1118.38,1025.36
             1117.56,1026.71 1118.92,1029.14 1117.84,1030.22
             1114.86,1033.20 1106.48,1031.31 1102.70,1034.01
             1099.19,1036.17 1102.97,1039.95 1104.05,1041.57
             1105.13,1043.46 1082.16,1047.51 1078.92,1046.97
             1073.78,1045.89 1070.00,1038.87 1065.14,1038.33
             1064.06,1038.06 1063.24,1038.33 1062.70,1038.60
             1062.70,1038.60 1062.70,1038.60 1062.70,1038.60
             1058.92,1040.22 1062.70,1048.86 1062.43,1049.94
             1060.81,1052.91 1051.08,1048.59 1047.30,1051.83
             1045.68,1053.18 1053.79,1052.64 1054.06,1057.23
             1054.60,1062.64 1050.00,1058.59 1048.11,1062.37
             1046.76,1065.07 1051.62,1070.74 1051.08,1071.82
             1048.65,1075.87 1046.49,1076.68 1041.62,1082.08
             1041.62,1082.08 1041.62,1082.08 1041.62,1082.08
             1041.62,1082.08 1041.62,1082.08 1041.35,1082.35
             1041.89,1082.08 1042.17,1081.81 1042.71,1081.81
             1042.71,1081.81 1045.68,1081.54 1045.68,1081.54 Z" />
</svg>
