<?xml version="1.0" encoding="UTF-8" standalone="no"?>
<!DOCTYPE svg PUBLIC "-//W3C//DTD SVG 20010904//EN"
              "http://www.w3.org/TR/2001/REC-SVG-20010904/DTD/svg10.dtd">

<svg xmlns="http://www.w3.org/2000/svg"
     width="22.2222in" height="16.6667in"
     viewBox="0 0 2000 1500">
  <path id="lt"
        fill="none" stroke="black" stroke-width="1"
        d="M 1155.94,797.94
           C 1156.48,797.40 1156.48,796.32 1157.29,796.05
             1161.35,794.70 1159.45,798.21 1162.16,799.29
             1169.72,802.53 1166.75,796.59 1171.61,803.61
             1173.24,805.77 1171.61,808.74 1173.24,809.82
             1176.48,811.99 1184.32,807.66 1186.48,806.58
             1188.64,805.77 1189.72,810.63 1192.15,808.47
             1193.78,807.39 1194.05,804.69 1195.67,803.61
             1197.02,802.80 1198.64,803.61 1199.99,803.34
             1201.34,802.80 1197.56,799.83 1198.64,798.75
             1199.99,797.13 1202.69,797.67 1204.59,796.86
             1208.91,794.43 1202.96,794.70 1205.94,791.73
             1206.75,790.65 1212.96,787.68 1213.50,791.19
             1213.77,792.00 1212.42,792.54 1212.42,793.35
             1212.15,795.78 1217.56,793.89 1218.10,792.54
             1220.53,786.60 1212.15,788.22 1212.15,787.14
             1211.88,786.06 1214.58,778.49 1214.58,778.22
             1214.58,778.22 1212.15,770.66 1212.15,770.66
             1212.15,770.39 1213.23,770.39 1213.23,769.85
             1216.48,759.86 1214.04,770.39 1219.18,762.29
             1220.53,760.67 1219.18,757.97 1220.26,756.07
             1221.61,754.18 1225.66,756.89 1227.29,754.99
             1228.10,753.91 1227.02,752.29 1227.29,751.21
             1227.83,750.40 1229.18,750.40 1229.45,749.59
             1230.53,745.81 1221.61,750.67 1221.88,748.24
             1222.15,744.19 1224.04,740.68 1222.42,736.63
             1222.42,736.63 1222.42,736.36 1222.42,736.36
             1221.61,736.63 1220.80,736.63 1219.99,736.63
             1213.77,735.55 1205.67,725.55 1200.53,724.20
             1197.02,723.12 1193.51,725.28 1189.99,725.28
             1186.48,725.28 1185.40,716.64 1182.70,717.18
             1179.45,717.72 1179.45,722.31 1177.83,724.20
             1175.67,727.44 1175.67,723.39 1173.24,723.93
             1171.89,724.20 1171.34,726.09 1169.99,726.36
             1169.72,726.63 1161.62,724.47 1161.35,724.74
             1159.72,724.74 1158.91,726.36 1157.29,726.63
             1154.32,726.90 1153.24,724.20 1150.81,726.63
             1150.00,727.44 1150.27,728.79 1149.45,729.34
             1148.37,730.69 1147.29,726.09 1145.40,725.82
             1144.32,725.82 1143.51,727.98 1142.43,728.25
             1140.54,728.79 1131.89,728.25 1130.00,728.79
             1126.75,729.61 1118.11,735.01 1115.94,737.71
             1114.86,739.33 1115.13,741.76 1114.05,743.38
             1113.24,744.19 1112.16,743.92 1111.08,743.92
             1111.35,744.46 1111.35,744.73 1111.62,745.00
             1113.51,752.02 1110.27,747.70 1112.97,754.45
             1113.24,754.99 1113.51,755.53 1114.05,756.07
             1114.59,757.16 1115.13,757.97 1115.67,758.78
             1117.02,760.67 1118.11,762.83 1118.38,764.99
             1118.65,766.61 1117.56,768.23 1117.84,769.85
             1118.11,770.39 1118.38,768.50 1118.92,768.50
             1120.00,768.23 1120.00,770.39 1120.27,771.20
             1120.27,771.74 1120.27,772.01 1120.27,772.28
             1121.08,772.01 1121.35,770.93 1122.16,770.93
             1122.97,771.20 1122.97,772.55 1123.78,773.09
             1127.02,774.98 1132.43,774.71 1135.94,775.79
             1136.48,776.06 1135.67,776.87 1136.21,776.87
             1140.27,776.87 1144.05,773.36 1147.83,774.44
             1148.91,774.71 1148.37,776.87 1149.45,777.68
             1149.72,777.95 1150.54,777.14 1151.08,777.41
             1152.16,777.95 1153.24,778.76 1154.05,779.84
             1155.67,782.54 1150.00,789.84 1155.94,797.94" />
</svg>
