<?xml version="1.0" encoding="UTF-8" standalone="no"?>
<!DOCTYPE svg PUBLIC "-//W3C//DTD SVG 20010904//EN"
              "http://www.w3.org/TR/2001/REC-SVG-20010904/DTD/svg10.dtd">

<svg xmlns="http://www.w3.org/2000/svg"
     width="22.2222in" height="16.6667in"
     viewBox="0 0 2000 1500">
  <path id="lv"
        fill="none" stroke="black" stroke-width="1"
        d="M 1111.08,743.92
           C 1112.16,743.92 1113.24,744.19 1114.05,743.38
             1115.13,741.76 1114.86,739.33 1115.94,737.71
             1118.11,735.01 1126.75,729.61 1130.00,728.79
             1131.89,728.25 1140.54,728.79 1142.43,728.25
             1143.51,727.98 1144.32,725.82 1145.40,725.82
             1147.29,726.09 1148.37,730.69 1149.45,729.34
             1150.27,728.79 1150.00,727.44 1150.81,726.63
             1153.24,724.20 1154.32,726.90 1157.29,726.63
             1158.91,726.36 1159.72,724.74 1161.35,724.74
             1161.62,724.47 1169.72,726.63 1169.99,726.36
             1171.34,726.09 1171.89,724.20 1173.24,723.93
             1175.67,723.39 1175.67,727.44 1177.83,724.20
             1179.45,722.31 1179.45,717.72 1182.70,717.18
             1185.40,716.64 1186.48,725.28 1189.99,725.28
             1193.51,725.28 1197.02,723.12 1200.53,724.20
             1205.67,725.55 1213.77,735.55 1219.99,736.63
             1226.75,737.71 1227.02,727.44 1231.07,727.71
             1232.42,727.71 1233.23,729.34 1234.31,729.34
             1235.12,729.34 1234.58,727.44 1235.12,727.17
             1236.75,726.63 1238.91,728.25 1240.26,727.17
             1240.26,727.17 1241.61,719.07 1242.15,718.26
             1242.69,716.64 1247.83,712.59 1247.83,712.32
             1249.99,704.49 1242.15,697.19 1237.56,693.41
             1235.66,692.06 1239.45,689.63 1235.66,689.09
             1234.31,688.82 1233.23,690.98 1231.88,690.71
             1231.34,690.71 1231.88,689.90 1231.88,689.36
             1231.88,689.09 1232.15,688.55 1232.15,688.28
             1232.15,686.39 1232.69,684.50 1232.42,682.61
             1232.15,681.80 1230.26,682.07 1230.26,681.26
             1230.26,677.75 1236.75,675.59 1227.83,672.34
             1226.75,672.07 1225.12,672.07 1224.31,671.26
             1223.50,670.18 1224.85,668.29 1223.77,667.75
             1222.69,666.94 1221.61,668.29 1220.26,668.56
             1219.99,669.91 1211.88,666.94 1210.80,667.21
             1210.80,667.21 1205.67,672.88 1205.40,672.88
             1203.50,673.15 1194.86,667.48 1193.78,665.86
             1193.23,665.32 1194.32,663.70 1193.51,663.43
             1191.88,662.89 1190.26,664.51 1188.64,663.97
             1187.83,663.70 1188.10,662.08 1187.29,661.81
             1186.48,661.81 1185.67,663.43 1184.86,663.16
             1183.24,662.62 1180.26,658.57 1177.83,658.57
             1177.29,658.57 1177.83,659.38 1177.83,659.92
             1177.83,660.19 1178.10,660.19 1178.10,660.46
             1178.91,663.97 1175.94,658.84 1174.32,659.92
             1171.89,661.81 1163.51,669.64 1161.35,670.18
             1161.35,670.18 1160.80,669.91 1160.80,669.91
             1161.08,670.45 1161.08,671.26 1161.08,672.07
             1162.16,677.75 1169.18,685.58 1167.56,691.79
             1166.75,695.57 1160.26,703.41 1156.21,703.95
             1154.59,704.22 1153.51,702.60 1152.16,702.33
             1149.45,701.51 1148.91,703.41 1147.29,700.70
             1145.40,698.00 1145.40,694.22 1142.97,692.06
             1140.54,689.63 1134.86,688.55 1132.16,686.12
             1130.54,684.77 1132.16,681.26 1130.54,680.45
             1128.10,679.37 1126.21,683.15 1124.05,684.50
             1121.35,686.66 1117.56,687.20 1115.13,689.90
             1108.65,696.65 1114.32,704.49 1111.89,711.24
             1111.08,713.94 1107.57,715.02 1106.75,717.72
             1106.21,719.34 1107.57,720.96 1107.57,722.85
             1107.57,724.74 1106.75,726.63 1107.30,728.25
             1107.30,728.52 1107.57,728.79 1107.84,728.79
             1107.84,728.79 1107.84,728.79 1107.84,728.79
             1105.13,732.04 1109.46,740.14 1111.08,743.92 Z" />
</svg>
