<?xml version="1.0" encoding="UTF-8" standalone="no"?>
<!DOCTYPE svg PUBLIC "-//W3C//DTD SVG 20010904//EN"
              "http://www.w3.org/TR/2001/REC-SVG-20010904/DTD/svg10.dtd">

<svg xmlns="http://www.w3.org/2000/svg"
     width="22.2222in" height="16.6667in"
     viewBox="0 0 2000 1500">
  <path id="md"
        fill="none" stroke="black" stroke-width="1"
        d="M 1283.23,992.95
           C 1287.01,991.06 1289.44,992.68 1292.42,995.11
             1298.09,999.16 1299.17,1005.92 1303.77,1010.51
             1311.33,1017.80 1331.87,1030.76 1334.31,1041.30
             1336.20,1048.05 1333.77,1055.61 1335.39,1062.37
             1335.93,1065.34 1340.79,1072.09 1340.52,1075.06
             1340.52,1076.14 1338.36,1076.41 1338.63,1077.49
             1338.90,1078.57 1340.52,1078.03 1341.33,1078.57
             1342.14,1079.11 1342.14,1081.00 1343.22,1081.00
             1344.58,1081.27 1343.49,1078.03 1344.58,1077.76
             1346.20,1077.49 1347.82,1078.03 1349.17,1077.76
             1351.06,1077.49 1347.01,1071.55 1349.44,1067.77
             1350.25,1066.69 1351.87,1065.88 1352.95,1064.53
             1354.30,1062.64 1350.52,1061.56 1352.95,1059.67
             1354.03,1058.59 1355.93,1058.59 1356.47,1057.50
             1357.01,1056.42 1355.39,1055.34 1355.39,1053.99
             1355.39,1052.64 1356.74,1051.29 1356.47,1049.94
             1355.93,1047.78 1349.17,1045.62 1352.95,1041.30
             1354.30,1039.68 1356.74,1035.63 1357.82,1037.52
             1358.36,1038.60 1358.90,1039.95 1359.17,1041.30
             1359.17,1041.84 1358.63,1042.11 1358.63,1042.65
             1358.90,1042.92 1359.44,1043.19 1359.71,1042.92
             1360.52,1041.84 1360.25,1039.95 1361.60,1038.87
             1361.87,1038.33 1362.14,1040.49 1362.68,1040.22
             1363.76,1039.95 1363.49,1038.33 1364.03,1037.52
             1364.03,1037.52 1367.55,1040.22 1368.63,1040.49
             1370.25,1040.76 1368.63,1035.63 1370.25,1035.63
             1372.41,1035.63 1373.76,1040.76 1375.11,1039.41
             1375.38,1038.87 1375.11,1038.33 1375.65,1037.79
             1377.01,1036.71 1378.90,1036.44 1380.52,1035.36
             1380.52,1035.09 1374.30,1034.28 1373.76,1032.39
             1373.49,1031.85 1375.11,1031.85 1375.11,1031.31
             1375.11,1031.31 1372.41,1022.93 1372.41,1022.93
             1370.79,1021.58 1364.03,1021.31 1362.41,1020.23
             1361.33,1019.15 1362.14,1014.83 1360.79,1015.64
             1357.28,1017.80 1363.49,1010.24 1358.63,1007.54
             1354.84,1005.38 1358.90,1011.32 1355.66,1010.24
             1354.03,1009.70 1347.28,1004.84 1347.01,1003.48
             1345.12,997.54 1349.44,991.87 1343.22,987.82
             1340.79,986.47 1342.68,991.87 1339.98,990.79
             1333.49,988.09 1337.55,982.69 1328.36,985.12
             1326.74,985.66 1327.82,990.25 1326.74,989.17
             1325.93,988.36 1325.93,987.01 1325.12,985.93
             1324.58,985.39 1323.23,989.44 1322.68,987.28
             1322.41,986.20 1323.77,983.50 1322.68,983.77
             1320.52,984.04 1318.63,985.93 1316.74,985.93
             1315.93,985.93 1316.74,984.04 1315.93,983.50
             1313.50,981.61 1310.25,980.53 1307.28,980.26
             1299.98,979.72 1301.61,983.77 1296.47,986.20
             1295.93,986.47 1285.66,987.82 1285.66,988.09
             1285.66,989.17 1287.01,989.71 1287.01,990.79
             1287.28,991.87 1284.85,989.17 1284.04,989.71
             1282.96,990.25 1283.50,991.87 1283.23,992.95 Z" />
</svg>
