<?xml version="1.0" encoding="UTF-8" standalone="no"?>
<!DOCTYPE svg PUBLIC "-//W3C//DTD SVG 20010904//EN"
              "http://www.w3.org/TR/2001/REC-SVG-20010904/DTD/svg10.dtd">

<svg xmlns="http://www.w3.org/2000/svg"
     width="22.2222in" height="16.6667in"
     viewBox="0 0 2000 1500">
  <path id="ro"
        fill="none" stroke="black" stroke-width="1"
        d="M 1366.47,1137.45
           C 1362.14,1138.26 1355.11,1140.70 1351.06,1137.18
             1349.71,1136.10 1349.44,1132.32 1347.82,1133.13
             1347.01,1133.40 1346.47,1134.48 1345.66,1134.75
             1339.17,1138.26 1347.82,1132.86 1340.79,1133.13
             1338.63,1133.13 1337.01,1135.56 1334.85,1135.83
             1330.25,1136.37 1334.04,1129.89 1321.87,1134.48
             1316.74,1136.64 1307.28,1140.97 1303.23,1145.02
             1298.63,1149.61 1297.82,1155.28 1291.88,1159.06
             1286.47,1162.30 1282.42,1160.14 1277.01,1159.87
             1272.69,1159.60 1268.09,1159.33 1264.04,1160.68
             1262.42,1161.22 1261.88,1163.38 1260.26,1163.92
             1252.69,1166.62 1243.77,1162.30 1236.20,1163.11
             1230.26,1163.65 1228.37,1168.52 1221.88,1165.81
             1217.29,1163.92 1227.56,1157.98 1225.12,1156.90
             1220.80,1155.01 1207.83,1152.31 1208.64,1145.29
             1208.91,1142.86 1217.83,1142.59 1215.13,1141.24
             1186.48,1126.92 1212.15,1139.88 1200.53,1146.64
             1198.64,1147.99 1197.56,1143.13 1195.67,1142.32
             1194.32,1141.51 1192.42,1142.32 1191.07,1142.32
             1189.45,1142.32 1187.83,1143.13 1186.21,1142.59
             1185.40,1142.05 1185.94,1140.70 1185.40,1139.61
             1184.05,1136.91 1172.43,1141.24 1178.91,1136.64
             1180.53,1135.56 1184.59,1134.48 1183.24,1133.40
             1181.88,1132.59 1179.18,1133.40 1178.64,1131.78
             1178.37,1130.16 1184.05,1127.19 1180.26,1125.03
             1175.13,1122.06 1164.86,1123.41 1161.35,1117.20
             1160.53,1115.85 1160.53,1109.36 1160.53,1107.74
             1160.53,1107.47 1160.53,1107.20 1160.53,1107.20
             1159.72,1107.47 1159.18,1109.09 1158.64,1108.55
             1156.75,1107.47 1156.48,1104.50 1154.86,1103.15
             1153.24,1102.07 1150.81,1102.34 1149.18,1100.99
             1147.56,1100.18 1146.75,1098.29 1145.67,1096.94
             1146.21,1096.67 1146.48,1095.59 1147.02,1095.32
             1148.64,1094.78 1156.75,1093.97 1157.29,1092.08
             1157.83,1091.00 1153.78,1089.65 1158.64,1088.84
             1160.53,1088.57 1162.43,1090.46 1164.05,1089.92
             1169.18,1088.03 1167.56,1078.30 1168.91,1075.33
             1169.45,1074.52 1170.80,1074.52 1171.34,1073.71
             1171.34,1073.71 1174.32,1064.26 1174.32,1064.26
             1174.86,1062.91 1175.67,1061.83 1175.67,1060.48
             1175.67,1059.94 1174.32,1059.94 1174.32,1059.40
             1174.59,1056.96 1177.56,1049.40 1178.91,1047.24
             1179.45,1046.70 1180.80,1047.24 1180.80,1046.43
             1182.15,1041.30 1180.26,1037.52 1186.21,1031.85
             1188.10,1029.68 1190.26,1031.04 1193.23,1029.95
             1196.21,1028.60 1196.48,1024.55 1198.64,1022.39
             1199.45,1022.93 1201.07,1021.85 1202.96,1016.72
             1203.23,1016.18 1203.23,1015.37 1203.77,1015.37
             1204.59,1015.37 1211.34,1018.61 1212.15,1018.61
             1212.69,1018.61 1212.96,1017.26 1213.50,1016.99
             1217.02,1015.64 1225.94,1019.15 1230.26,1018.07
             1232.69,1017.26 1234.31,1015.10 1236.75,1014.83
             1241.07,1014.56 1244.04,1020.23 1247.01,1021.04
             1251.07,1022.39 1252.42,1014.83 1253.50,1013.75
             1258.37,1008.62 1270.80,1009.16 1274.58,1005.38
             1281.88,998.35 1271.34,1004.30 1276.47,997.54
             1277.82,995.92 1279.99,994.57 1282.15,994.03
             1282.15,994.03 1282.42,993.22 1282.42,993.22
             1282.42,993.22 1283.50,990.79 1283.50,990.79
             1283.50,990.79 1283.50,990.79 1283.50,990.79
             1283.23,991.33 1283.23,992.41 1283.23,992.95
             1287.01,991.06 1289.44,992.68 1292.42,995.11
             1298.09,999.16 1299.17,1005.92 1303.77,1010.51
             1311.33,1017.80 1331.87,1030.76 1334.31,1041.30
             1336.20,1048.05 1333.77,1055.61 1335.39,1062.37
             1335.93,1065.34 1340.79,1072.09 1340.52,1075.06
             1340.52,1076.14 1338.36,1076.41 1338.63,1077.49
             1338.90,1078.57 1340.52,1078.03 1341.33,1078.57
             1342.14,1079.11 1342.14,1081.00 1343.22,1081.00
             1343.76,1081.27 1344.58,1080.73 1345.12,1081.27
             1345.93,1082.08 1345.66,1083.70 1346.74,1084.51
             1347.82,1085.59 1359.44,1086.14 1359.17,1084.78
             1359.17,1084.51 1355.39,1083.70 1358.09,1082.08
             1359.71,1081.27 1361.60,1081.54 1363.22,1080.73
             1365.92,1079.38 1367.01,1075.60 1369.98,1074.52
             1375.92,1072.36 1378.90,1074.52 1380.25,1079.65
             1379.98,1079.92 1379.17,1079.65 1379.17,1079.92
             1379.17,1080.73 1379.71,1081.27 1380.25,1081.54
             1380.79,1081.81 1381.33,1080.73 1381.60,1081.27
             1382.14,1082.35 1382.41,1091.54 1382.41,1092.62
             1382.14,1096.13 1374.03,1096.40 1371.87,1098.02
             1370.52,1099.10 1370.52,1102.88 1368.90,1102.61
             1368.63,1102.34 1370.79,1093.43 1367.01,1091.27
             1365.65,1090.73 1364.03,1092.89 1363.22,1094.24
             1362.14,1096.13 1367.01,1097.75 1366.74,1099.91
             1366.74,1102.07 1362.68,1103.42 1363.76,1105.04
             1364.84,1106.66 1367.01,1102.61 1368.90,1102.61
             1369.44,1102.34 1368.63,1103.96 1368.09,1104.50
             1367.82,1104.77 1367.55,1105.04 1367.01,1105.31
             1367.28,1105.04 1367.55,1105.04 1367.82,1105.31
             1369.44,1106.66 1362.95,1117.20 1362.95,1117.47
             1363.22,1119.36 1365.65,1128.81 1367.01,1137.45
             1367.01,1137.45 1366.47,1137.45 1366.47,1137.45 Z" />
</svg>
