<?xml version="1.0" encoding="UTF-8" standalone="no"?>
<!DOCTYPE svg PUBLIC "-//W3C//DTD SVG 20010904//EN"
              "http://www.w3.org/TR/2001/REC-SVG-20010904/DTD/svg10.dtd">

<svg xmlns="http://www.w3.org/2000/svg"
     width="22.2222in" height="16.6667in"
     viewBox="0 0 2000 1500">
  <path id="bg"
        fill="none" stroke="black" stroke-width="1"
        d="M 1325.39,1221.45
           C 1324.04,1221.18 1322.68,1221.18 1321.87,1221.18
             1311.33,1223.35 1328.36,1230.91 1322.41,1235.50
             1322.41,1235.50 1314.04,1238.20 1313.77,1238.20
             1309.98,1239.55 1303.77,1244.41 1299.71,1244.14
             1298.90,1244.14 1299.44,1242.79 1298.90,1242.52
             1296.20,1241.17 1292.69,1239.55 1289.71,1240.36
             1288.63,1240.63 1288.63,1242.79 1287.55,1243.06
             1286.74,1243.33 1286.20,1241.44 1285.39,1241.17
             1284.85,1240.90 1284.04,1241.98 1283.77,1241.44
             1281.88,1240.36 1281.34,1237.39 1279.17,1237.12
             1277.55,1236.58 1276.74,1239.28 1275.12,1239.55
             1274.04,1240.09 1272.69,1237.93 1271.88,1238.47
             1267.01,1241.44 1265.12,1244.68 1257.55,1247.38
             1254.31,1248.46 1250.26,1247.38 1247.29,1249.27
             1246.20,1249.81 1246.20,1251.98 1245.12,1252.52
             1244.31,1253.33 1242.96,1252.52 1241.88,1252.52
             1240.80,1252.52 1239.45,1252.52 1238.37,1252.52
             1238.10,1252.79 1238.37,1253.33 1238.37,1253.33
             1238.91,1251.71 1238.37,1237.66 1238.10,1237.66
             1236.20,1235.77 1233.23,1230.37 1230.80,1228.75
             1229.45,1227.94 1227.56,1228.75 1225.94,1227.94
             1225.39,1227.67 1218.10,1221.99 1218.10,1221.45
             1219.45,1219.02 1223.23,1218.48 1221.88,1214.97
             1221.61,1213.89 1220.80,1213.35 1219.99,1212.81
             1219.45,1212.54 1218.64,1213.08 1218.37,1212.54
             1218.10,1211.19 1218.37,1209.84 1218.37,1208.49
             1218.10,1206.87 1216.21,1205.25 1217.02,1203.90
             1224.85,1190.93 1215.94,1206.87 1224.58,1200.12
             1225.39,1199.31 1231.07,1189.31 1229.45,1187.69
             1227.29,1186.07 1217.02,1181.21 1216.48,1180.67
             1213.23,1177.97 1208.10,1166.62 1209.99,1162.57
             1210.80,1160.68 1213.77,1160.95 1214.85,1159.33
             1215.67,1157.44 1214.58,1155.01 1215.40,1153.12
             1218.91,1154.74 1223.23,1155.82 1225.12,1156.90
             1227.56,1157.98 1217.29,1163.92 1221.88,1165.81
             1228.37,1168.52 1230.26,1163.65 1236.20,1163.11
             1243.77,1162.30 1252.69,1166.62 1260.26,1163.92
             1261.88,1163.38 1262.42,1161.22 1264.04,1160.68
             1268.09,1159.33 1272.69,1159.60 1277.01,1159.87
             1282.42,1160.14 1286.47,1162.30 1291.88,1159.06
             1297.82,1155.28 1298.63,1149.61 1303.23,1145.02
             1307.28,1140.97 1316.74,1136.64 1321.87,1134.48
             1334.04,1129.89 1330.25,1136.37 1334.85,1135.83
             1337.01,1135.56 1338.63,1133.13 1340.79,1133.13
             1347.82,1132.86 1339.17,1138.26 1345.66,1134.75
             1346.47,1134.48 1347.01,1133.40 1347.82,1133.13
             1349.44,1132.32 1349.71,1136.10 1351.06,1137.18
             1355.11,1140.70 1362.14,1138.26 1366.47,1137.45
             1366.47,1137.45 1367.01,1137.45 1367.01,1137.45
             1368.09,1144.21 1368.63,1150.42 1366.74,1151.50
             1365.65,1152.04 1364.30,1150.15 1362.95,1150.42
             1352.95,1153.12 1359.44,1152.85 1356.47,1158.79
             1356.20,1159.87 1354.30,1159.87 1353.76,1160.68
             1353.76,1161.22 1355.39,1160.95 1355.39,1161.49
             1355.93,1165.81 1355.66,1168.52 1356.74,1172.84
             1357.01,1174.46 1358.63,1176.62 1357.82,1177.97
             1357.01,1179.32 1354.57,1178.51 1353.22,1179.32
             1352.95,1179.32 1354.03,1179.86 1354.03,1180.13
             1353.49,1181.21 1352.14,1181.48 1351.87,1182.56
             1351.60,1183.37 1353.22,1184.18 1352.68,1184.72
             1351.60,1186.34 1349.17,1186.88 1348.09,1188.50
             1343.22,1194.98 1355.11,1185.26 1358.09,1192.55
             1358.36,1193.09 1357.55,1193.90 1357.55,1194.44
             1357.82,1194.71 1363.76,1198.23 1365.11,1199.31
             1365.92,1200.39 1366.74,1201.20 1367.01,1202.01
             1367.01,1202.01 1366.47,1202.01 1366.47,1202.01
             1364.84,1202.28 1363.22,1202.01 1361.60,1202.55
             1359.44,1203.36 1357.82,1205.25 1355.93,1206.60
             1355.39,1206.87 1355.93,1207.95 1355.66,1207.68
             1349.44,1206.33 1347.55,1201.47 1341.33,1204.71
             1341.33,1204.71 1336.74,1209.84 1336.74,1209.84
             1334.85,1210.65 1332.41,1209.30 1331.06,1210.65
             1329.44,1212.00 1331.06,1214.70 1329.98,1216.32
             1328.36,1218.21 1322.96,1217.40 1325.39,1221.45 Z" />
</svg>
