<?xml version="1.0" encoding="UTF-8" standalone="no"?>
<!DOCTYPE svg PUBLIC "-//W3C//DTD SVG 20010904//EN"
              "http://www.w3.org/TR/2001/REC-SVG-20010904/DTD/svg10.dtd">

<svg xmlns="http://www.w3.org/2000/svg"
     width="22.2222in" height="16.6667in"
     viewBox="0 0 2000 1500">
  <path id="al"
        fill="none" stroke="black" stroke-width="1"
        d="M 1189.18,1278.72
           C 1189.18,1282.23 1192.96,1283.31 1192.15,1286.55
             1189.45,1296.81 1187.83,1287.90 1185.94,1295.19
             1185.94,1295.19 1184.32,1306.00 1184.32,1306.27
             1183.78,1307.08 1175.40,1309.78 1175.13,1311.67
             1175.13,1311.67 1178.64,1317.07 1178.64,1317.07
             1179.45,1319.50 1175.67,1317.07 1175.67,1318.69
             1175.94,1325.71 1172.97,1321.93 1168.37,1322.74
             1168.10,1322.74 1168.64,1323.01 1168.37,1323.28
             1168.10,1323.55 1168.10,1323.55 1167.83,1323.82
             1167.56,1323.55 1167.56,1323.28 1167.29,1322.74
             1167.29,1322.20 1167.29,1321.66 1167.29,1321.12
             1167.29,1319.50 1168.10,1318.15 1167.56,1316.80
             1167.02,1315.99 1165.40,1316.80 1164.86,1315.99
             1163.51,1314.91 1163.78,1312.75 1162.70,1311.67
             1160.80,1309.24 1143.51,1304.64 1145.40,1300.32
             1146.21,1298.43 1150.00,1300.59 1150.81,1298.97
             1151.08,1298.43 1145.67,1294.92 1144.86,1291.95
             1144.59,1291.14 1145.94,1290.87 1145.94,1290.06
             1146.21,1288.98 1145.94,1287.63 1146.21,1286.55
             1146.21,1285.20 1145.40,1283.85 1146.21,1283.04
             1146.75,1281.96 1148.91,1282.77 1149.72,1281.96
             1150.27,1281.15 1149.72,1278.99 1148.91,1278.99
             1147.83,1279.26 1148.64,1281.42 1147.83,1282.23
             1146.21,1283.58 1147.83,1273.04 1148.10,1270.34
             1148.64,1267.10 1144.05,1268.72 1144.05,1265.48
             1144.05,1263.05 1143.78,1260.62 1145.13,1258.73
             1145.94,1257.65 1148.37,1258.73 1149.45,1257.65
             1150.00,1257.11 1148.10,1256.84 1147.83,1256.03
             1147.56,1254.14 1149.45,1251.44 1148.10,1250.08
             1146.48,1248.46 1143.78,1250.36 1141.62,1249.81
             1141.62,1247.92 1141.62,1246.03 1141.62,1244.41
             1141.62,1243.33 1142.16,1241.98 1141.62,1240.90
             1140.81,1239.55 1138.37,1239.55 1138.10,1238.20
             1138.10,1237.93 1146.75,1220.37 1147.56,1219.83
             1147.83,1219.56 1149.18,1226.32 1151.35,1226.59
             1151.35,1226.59 1157.02,1221.99 1157.02,1221.99
             1161.35,1221.99 1160.53,1228.75 1162.97,1230.10
             1163.78,1230.64 1164.59,1229.56 1165.67,1229.83
             1167.56,1230.37 1169.45,1231.18 1170.80,1232.53
             1175.94,1238.20 1172.16,1243.87 1172.70,1249.54
             1172.70,1251.44 1174.32,1253.06 1174.32,1254.68
             1174.05,1255.49 1171.89,1255.49 1172.16,1256.30
             1172.43,1258.19 1175.13,1259.27 1175.40,1261.16
             1175.67,1261.97 1174.05,1262.78 1174.05,1263.59
             1174.05,1265.75 1181.07,1275.74 1182.15,1277.36
             1183.78,1279.26 1184.86,1276.28 1185.67,1276.28
             1186.75,1276.01 1188.10,1276.28 1188.91,1276.82
             1189.45,1277.36 1188.64,1278.72 1189.18,1278.72 Z" />
</svg>
