<?xml version="1.0" encoding="UTF-8" standalone="no"?>
<!DOCTYPE svg PUBLIC "-//W3C//DTD SVG 20010904//EN"
              "http://www.w3.org/TR/2001/REC-SVG-20010904/DTD/svg10.dtd">

<svg xmlns="http://www.w3.org/2000/svg"
     width="22.2222in" height="16.6667in"
     viewBox="0 0 2000 1500">
  <path id="ee"
        fill="none" stroke="black" stroke-width="1"
        d="M 1161.35,670.18
           C 1163.51,669.64 1171.89,661.81 1174.32,659.92
             1175.94,658.84 1178.91,663.97 1178.10,660.46
             1178.10,660.19 1177.83,660.19 1177.83,659.92
             1177.83,659.38 1177.29,658.57 1177.83,658.57
             1180.26,658.57 1183.24,662.62 1184.86,663.16
             1185.67,663.43 1186.48,661.81 1187.29,661.81
             1188.10,662.08 1187.83,663.70 1188.64,663.97
             1190.26,664.51 1191.88,662.89 1193.51,663.43
             1194.32,663.70 1193.23,665.32 1193.78,665.86
             1194.86,667.48 1203.50,673.15 1205.40,672.88
             1205.67,672.88 1210.80,667.21 1210.80,667.21
             1211.88,666.94 1219.99,669.91 1220.26,668.56
             1220.80,667.21 1218.91,663.43 1219.72,662.62
             1220.26,662.08 1221.61,662.08 1221.88,661.27
             1222.15,660.73 1221.07,660.46 1221.07,659.65
             1220.80,659.11 1220.80,658.30 1221.07,657.76
             1224.31,655.06 1224.58,658.03 1225.66,654.79
             1225.94,653.98 1223.50,654.52 1222.69,653.71
             1220.80,651.82 1221.88,650.47 1221.34,648.58
             1221.07,647.77 1216.75,645.33 1215.94,644.52
             1213.77,640.74 1216.21,642.36 1216.21,638.85
             1216.21,633.99 1210.80,628.86 1209.99,624.00
             1209.72,621.03 1212.96,618.86 1213.77,616.70
             1213.77,616.70 1214.04,609.95 1214.04,609.95
             1214.04,608.60 1212.96,606.98 1213.77,605.90
             1216.48,600.23 1221.07,602.66 1214.58,598.61
             1214.31,599.69 1213.77,600.77 1211.88,601.85
             1209.45,603.47 1184.05,603.74 1179.72,603.20
             1178.91,603.20 1178.37,601.85 1177.29,602.12
             1172.16,603.20 1183.78,606.17 1175.13,605.09
             1173.78,604.82 1173.51,601.85 1172.16,602.12
             1171.07,602.39 1172.97,604.55 1172.43,605.63
             1171.61,607.25 1169.99,608.87 1168.37,609.68
             1165.67,611.03 1162.70,611.57 1159.72,611.03
             1158.64,610.76 1157.83,608.60 1157.02,609.14
             1155.67,609.95 1158.91,612.92 1157.56,613.19
             1154.86,614.00 1146.75,614.27 1145.13,618.32
             1144.59,619.68 1147.56,621.03 1146.75,622.11
             1145.40,624.27 1137.29,623.73 1136.21,626.16
             1132.43,636.42 1139.46,629.94 1141.08,634.26
             1141.89,636.69 1137.83,639.66 1138.91,642.09
             1140.00,645.06 1144.32,648.04 1144.86,649.12
             1146.48,651.55 1143.78,654.25 1147.29,656.14
             1148.64,656.68 1150.27,655.33 1151.62,655.87
             1152.97,656.14 1153.78,658.84 1155.13,658.03
             1157.02,656.95 1157.02,646.68 1162.70,653.44
             1163.24,654.25 1161.35,655.06 1161.35,656.14
             1161.35,658.30 1162.43,660.46 1162.43,662.62
             1162.43,668.02 1160.26,665.05 1160.80,669.91
             1160.80,669.91 1161.35,670.18 1161.35,670.18M 1131.89,649.39
           C 1135.40,651.82 1135.13,652.09 1139.46,653.98
             1141.35,655.06 1136.21,651.55 1137.29,653.71
             1138.37,656.14 1137.56,652.63 1135.67,652.90
             1134.05,653.17 1135.67,656.68 1134.32,658.03
             1134.05,658.30 1132.97,656.68 1132.70,657.22
             1132.16,657.76 1132.97,659.11 1132.70,660.19
             1131.35,663.70 1128.65,662.62 1127.83,662.89
             1127.29,662.89 1127.29,663.97 1126.75,664.24
             1125.13,665.05 1123.24,665.59 1121.89,666.40
             1121.62,666.40 1121.62,666.67 1121.62,666.94
             1121.62,669.10 1122.16,671.53 1121.62,673.69
             1121.08,675.05 1119.19,677.75 1118.11,676.67
             1114.86,672.88 1121.08,670.72 1120.54,667.75
             1120.27,666.94 1118.92,668.02 1118.11,667.48
             1116.48,666.67 1114.05,666.13 1113.24,664.24
             1112.70,663.16 1115.67,662.62 1115.40,661.54
             1115.13,659.38 1110.81,658.57 1111.62,656.68
             1112.16,655.06 1114.86,658.84 1116.75,658.84
             1118.38,658.84 1115.94,654.52 1117.56,653.71
             1118.38,653.44 1119.46,656.14 1119.73,655.33
             1121.62,648.85 1125.67,651.28 1131.89,649.39 Z
           M 1122.16,633.72
           C 1122.70,633.72 1123.51,633.45 1123.78,633.99
             1124.32,634.53 1123.51,635.88 1124.32,636.42
             1125.40,636.96 1127.29,635.61 1128.37,636.15
             1137.56,641.55 1128.92,640.47 1128.37,641.55
             1126.21,646.68 1133.78,642.36 1123.78,648.04
             1120.81,649.66 1120.54,643.17 1120.54,643.17
             1119.46,640.20 1114.59,641.28 1112.70,640.74
             1110.81,640.47 1116.75,639.66 1118.65,639.12
             1121.08,638.58 1121.62,635.34 1122.16,633.72 Z" />
</svg>
