<?xml version="1.0" encoding="UTF-8" standalone="no"?>
<!DOCTYPE svg PUBLIC "-//W3C//DTD SVG 20010904//EN"
              "http://www.w3.org/TR/2001/REC-SVG-20010904/DTD/svg10.dtd">

<svg xmlns="http://www.w3.org/2000/svg"
     width="22.2222in" height="16.6667in"
     viewBox="0 0 2000 1500">
  <path id="lb"
        fill="none" stroke="black" stroke-width="1"
        d="M 1638.61,1446.18
           C 1641.04,1445.37 1648.34,1444.56 1649.96,1442.13
             1650.23,1441.85 1649.96,1435.37 1650.23,1435.10
             1650.50,1434.83 1651.31,1436.18 1651.85,1435.91
             1655.36,1433.75 1659.69,1423.49 1661.04,1419.98
             1661.58,1419.17 1655.09,1421.33 1656.98,1416.47
             1657.80,1414.58 1658.61,1412.68 1659.96,1411.06
             1659.96,1411.06 1667.52,1408.36 1667.52,1408.36
             1667.52,1407.01 1664.01,1407.82 1663.74,1406.47
             1662.93,1401.34 1669.96,1397.83 1670.50,1393.51
             1670.77,1392.70 1669.15,1393.24 1668.88,1392.97
             1667.25,1390.27 1668.88,1388.92 1665.90,1386.48
             1662.39,1383.78 1659.15,1387.30 1658.88,1385.94
             1658.61,1384.59 1660.77,1383.51 1660.77,1382.16
             1660.77,1380.81 1658.61,1380.54 1657.52,1380.27
             1657.52,1380.00 1651.85,1384.05 1647.53,1385.13
             1648.34,1386.48 1648.88,1387.57 1648.88,1388.92
             1649.15,1394.59 1646.71,1390.27 1644.55,1393.24
             1644.28,1393.51 1645.63,1394.05 1645.63,1394.59
             1645.09,1396.21 1644.28,1397.56 1643.74,1398.91
             1643.47,1399.72 1642.12,1399.99 1642.39,1400.80
             1642.39,1402.15 1645.36,1409.17 1644.82,1410.52
             1643.74,1412.41 1641.58,1413.49 1641.04,1415.66
             1640.77,1416.74 1642.39,1417.55 1642.66,1418.63
             1642.93,1423.76 1640.50,1428.08 1639.96,1432.67
             1639.69,1435.64 1640.50,1438.61 1640.23,1441.31
             1640.23,1442.94 1638.61,1444.29 1638.61,1446.18 Z" />
</svg>
