<?xml version="1.0" encoding="UTF-8" standalone="no"?>
<!DOCTYPE svg PUBLIC "-//W3C//DTD SVG 20010904//EN"
              "http://www.w3.org/TR/2001/REC-SVG-20010904/DTD/svg10.dtd">

<svg xmlns="http://www.w3.org/2000/svg"
     width="22.2222in" height="16.6667in"
     viewBox="0 0 2000 1500">
  <path id="lu"
        fill="none" stroke="black" stroke-width="1"
        d="M 808.94,994.03
           C 807.59,993.49 805.97,992.68 804.34,992.68
             802.99,992.68 801.64,994.03 800.02,994.03
             799.75,994.30 800.02,993.22 799.75,992.95
             798.67,992.41 797.59,991.87 796.24,991.33
             796.24,991.33 796.51,990.25 796.51,990.25
             802.45,990.79 794.35,980.26 795.16,977.83
             796.24,974.85 801.64,964.86 804.62,969.99
             804.34,971.34 804.07,972.69 804.62,974.85
             805.97,980.53 812.45,981.07 812.99,981.88
             816.78,986.47 805.97,988.63 808.94,994.03 Z" />
</svg>
