<?xml version="1.0" encoding="UTF-8" standalone="no"?>
<!DOCTYPE svg PUBLIC "-//W3C//DTD SVG 20010904//EN"
              "http://www.w3.org/TR/2001/REC-SVG-20010904/DTD/svg10.dtd">

<svg xmlns="http://www.w3.org/2000/svg"
     width="22.2222in" height="16.6667in"
     viewBox="0 0 2000 1500">
  <path id="fr"
        fill="none" stroke="black" stroke-width="1"
        d="M 681.38,1232.80
           C 680.03,1231.72 677.87,1231.18 675.98,1230.37
             678.68,1226.86 678.14,1223.35 671.11,1223.89
             670.84,1223.89 670.03,1224.97 669.49,1226.32
             669.49,1226.32 669.49,1226.05 669.49,1226.05
             668.14,1225.24 668.95,1222.81 667.60,1221.72
             666.79,1220.91 665.17,1220.91 663.81,1220.64
             663.27,1220.64 662.46,1220.91 662.19,1220.64
             659.22,1217.94 656.52,1214.70 651.92,1213.89
             648.68,1213.35 650.03,1219.56 650.03,1219.56
             647.06,1219.29 644.63,1217.13 641.92,1217.40
             641.11,1217.40 641.11,1219.02 640.30,1219.02
             638.68,1218.75 637.87,1216.86 636.25,1216.59
             634.63,1216.32 633.55,1217.94 631.93,1217.67
             628.41,1217.67 629.76,1214.16 627.87,1212.54
             624.09,1209.30 620.57,1214.16 617.06,1211.46
             616.79,1211.46 614.09,1205.25 613.82,1204.98
             610.31,1202.28 604.36,1203.63 600.58,1200.12
             600.04,1199.58 600.85,1198.23 600.58,1197.69
             600.04,1197.15 598.41,1200.12 596.79,1199.58
             593.28,1197.96 601.12,1194.71 598.68,1192.01
             597.87,1190.93 596.25,1190.39 594.90,1190.12
             594.63,1190.12 594.90,1191.47 594.36,1191.20
             594.36,1191.20 591.39,1188.50 589.77,1186.88
             591.39,1186.61 592.47,1186.34 593.55,1185.80
             601.39,1182.02 604.63,1156.09 607.60,1147.99
             608.14,1146.64 608.68,1144.75 610.04,1144.21
             611.12,1143.67 613.55,1146.10 614.09,1144.75
             614.90,1143.40 613.01,1141.24 611.39,1140.97
             610.04,1140.70 609.76,1144.48 608.41,1143.94
             605.71,1143.13 609.76,1138.80 610.31,1136.10
             611.39,1131.78 614.36,1115.85 617.33,1113.69
             618.41,1113.15 622.20,1119.09 623.28,1121.79
             627.06,1129.89 621.93,1122.33 624.63,1130.97
             625.17,1132.59 626.79,1133.94 627.33,1135.56
             627.60,1136.37 626.52,1138.80 627.33,1138.53
             628.68,1138.26 629.49,1136.37 629.22,1135.29
             628.68,1133.67 626.79,1133.13 625.71,1131.78
             623.55,1128.27 626.52,1121.79 624.36,1117.74
             623.28,1115.58 621.39,1113.69 619.76,1111.79
             618.68,1110.44 617.33,1109.09 615.71,1108.01
             615.71,1108.01 615.71,1108.01 615.71,1108.01
             617.33,1108.55 619.22,1109.09 620.84,1108.28
             622.74,1107.20 616.79,1104.50 617.33,1102.34
             617.87,1100.18 620.30,1099.10 620.57,1096.94
             620.84,1095.32 618.95,1093.97 618.95,1092.35
             618.95,1090.46 620.57,1088.57 620.57,1086.68
             620.57,1086.14 619.22,1086.14 618.41,1086.41
             617.87,1086.68 618.41,1088.30 617.87,1088.03
             616.52,1087.49 616.25,1085.32 615.17,1084.51
             614.36,1084.24 613.28,1085.32 612.47,1084.78
             611.66,1084.24 612.47,1082.35 611.66,1081.81
             606.79,1077.22 609.49,1087.22 604.90,1078.30
             604.63,1077.49 604.36,1071.55 603.28,1070.20
             603.01,1069.93 602.20,1070.20 601.93,1069.93
             600.85,1068.31 599.50,1066.42 598.68,1064.53
             597.60,1061.83 603.01,1059.13 603.55,1058.04
             604.63,1055.61 598.14,1053.99 598.14,1053.72
             597.60,1051.83 597.60,1050.75 597.87,1049.94
             597.87,1049.94 597.60,1049.94 597.60,1049.94
             586.52,1048.86 596.79,1046.16 597.06,1040.22
             597.33,1036.71 585.98,1039.68 585.71,1038.33
             585.17,1036.17 588.41,1035.36 590.04,1034.28
             590.31,1034.01 588.69,1034.82 588.41,1034.55
             588.14,1034.28 588.41,1033.47 588.14,1033.20
             587.33,1033.20 587.06,1034.01 586.25,1034.28
             584.09,1034.28 581.93,1032.66 580.04,1033.47
             579.77,1033.74 579.50,1034.01 579.50,1034.28
             579.50,1034.28 579.50,1034.01 579.50,1034.01
             580.04,1030.49 582.74,1026.98 577.06,1026.44
             574.09,1026.17 574.90,1029.95 572.74,1028.60
             571.12,1027.52 568.96,1024.01 567.34,1023.20
             566.25,1022.93 564.90,1024.01 564.09,1023.20
             560.58,1020.50 564.90,1017.26 558.15,1017.80
             557.61,1018.07 558.69,1019.42 558.15,1019.69
             556.26,1020.50 553.55,1022.12 551.93,1020.77
             550.31,1019.69 551.93,1016.72 551.39,1014.83
             550.58,1011.59 547.07,1012.40 544.90,1011.05
             544.63,1010.78 545.45,1009.97 545.99,1009.97
             548.69,1009.43 551.39,1009.70 554.09,1009.70
             554.63,1009.70 555.98,1010.78 555.98,1010.24
             555.98,1009.70 553.55,1005.92 551.93,1003.21
             551.93,1003.21 552.20,1003.48 552.20,1003.48
             553.55,1004.03 555.17,1003.48 556.80,1003.76
             557.88,1003.76 560.31,1004.84 559.50,1004.30
             557.61,1003.21 554.36,1003.76 553.55,1001.86
             553.01,1000.24 557.34,1000.78 557.61,999.16
             558.42,995.92 541.39,1008.35 547.07,993.76
             547.34,993.76 556.26,990.25 558.69,990.25
             561.66,990.25 554.90,993.76 561.39,991.87
             563.28,991.60 565.17,989.44 567.07,989.98
             568.69,990.52 567.88,993.76 569.50,994.30
             570.58,994.30 569.77,991.06 570.85,990.79
             572.74,990.79 574.09,994.30 575.98,993.76
             577.61,993.22 576.52,989.71 578.15,988.63
             578.69,988.09 579.77,989.71 580.58,989.71
             582.20,989.71 584.09,988.09 585.44,988.90
             586.79,989.71 585.71,992.41 587.06,993.22
             587.87,993.76 587.87,991.87 588.69,991.33
             590.04,990.25 594.36,1001.86 595.44,1004.03
             595.71,1004.30 595.71,1002.94 596.25,1002.94
             597.87,1001.86 599.50,1001.59 601.39,1000.78
             602.74,999.97 603.82,997.81 605.17,998.35
             607.60,999.43 605.44,1008.89 611.93,1006.19
             613.82,1005.38 612.74,1001.86 614.09,999.97
             615.44,998.08 615.71,1003.76 617.33,1004.03
             618.95,1004.30 620.30,1003.48 621.93,1003.76
             623.55,1003.76 626.79,1006.19 627.33,1004.57
             627.87,1001.59 621.66,999.43 622.47,996.46
             623.01,994.57 623.55,992.68 624.36,990.79
             623.82,990.79 623.28,990.52 623.55,989.44
             624.09,987.55 625.71,985.39 625.71,983.23
             625.71,982.69 624.09,983.50 623.82,982.96
             623.28,981.61 623.82,979.45 623.01,978.10
             622.74,977.29 621.12,977.29 620.57,976.48
             620.03,974.85 619.76,972.69 620.03,971.07
             620.03,970.26 621.39,969.99 621.39,969.45
             621.39,967.56 620.30,965.67 620.03,963.78
             620.03,963.24 620.57,964.86 620.84,965.13
             623.01,966.21 624.90,967.29 627.06,967.83
             627.60,968.10 628.41,967.56 628.95,967.56
             631.11,967.56 633.28,966.48 635.17,967.56
             636.25,967.83 635.71,969.45 635.17,970.53
             634.90,971.07 634.09,970.80 633.55,971.34
             632.74,972.15 635.71,980.80 635.98,980.80
             647.06,982.42 631.11,975.66 639.76,978.91
             643.82,980.53 648.95,981.34 652.73,983.23
             654.09,984.04 654.90,985.93 656.25,986.20
             662.46,987.01 661.11,983.50 665.71,982.15
             666.79,981.88 667.87,981.88 669.22,981.88
             666.25,981.34 663.54,979.45 667.33,972.96
             670.03,968.64 688.14,968.10 693.00,965.40
             694.89,964.59 696.24,962.97 698.14,961.89
             699.76,961.08 702.73,961.35 703.54,959.73
             704.35,958.11 701.38,957.30 701.11,955.68
             700.84,954.87 701.11,953.52 701.65,952.98
             702.19,952.44 703.27,953.52 703.27,952.98
             703.27,952.44 701.92,952.44 701.92,951.63
             701.92,949.74 704.08,936.77 704.62,935.42
             705.70,932.18 714.62,931.64 717.05,931.37
             720.30,931.10 723.54,930.83 726.51,930.29M 726.51,930.29
           C 727.05,934.07 727.32,944.33 733.27,944.33
             735.43,944.33 736.78,940.55 738.40,941.36
             741.92,942.71 740.30,948.93 741.38,951.09
             743.00,954.87 748.94,950.55 749.75,954.87
             750.02,955.95 749.21,957.30 749.48,958.38
             750.02,960.54 761.10,957.84 761.65,962.43
             761.65,964.05 759.48,965.40 759.48,967.02
             759.21,968.10 761.38,968.10 761.38,968.91
             761.38,970.26 760.02,971.07 759.21,972.42
             758.40,974.04 767.32,976.21 771.10,972.69
             773.00,971.07 774.62,966.21 776.51,967.83
             777.05,968.37 775.70,969.18 775.43,969.99
             775.16,971.07 774.08,972.15 774.08,973.50
             774.08,974.58 775.70,974.85 775.97,975.93
             775.97,977.29 773.81,978.91 774.89,979.99
             775.97,981.61 778.67,980.80 780.56,981.61
             781.64,982.42 781.91,984.04 783.00,984.85
             783.27,985.12 784.08,984.04 784.62,984.31
             785.16,984.58 785.43,985.12 785.70,985.66
             785.70,985.93 784.35,986.47 784.62,986.74
             785.43,987.28 786.78,986.74 787.32,987.55
             788.13,988.63 787.05,991.06 788.40,991.60
             790.02,992.41 791.91,990.52 793.81,990.79
             794.62,990.79 795.43,991.06 796.24,991.33
             797.59,991.87 798.67,992.41 799.75,992.95
             800.02,993.22 799.75,994.30 800.02,994.03
             801.64,994.03 802.99,992.68 804.34,992.68
             805.97,992.68 807.59,993.49 808.94,994.03
             809.48,994.84 811.10,994.03 811.91,994.84
             814.07,996.19 815.43,1002.40 818.13,1005.11
             821.37,1008.62 815.97,997.54 824.07,1004.84
             824.61,1005.38 823.53,1006.46 823.80,1007.27
             824.34,1008.08 832.99,1004.57 834.34,1005.65
             835.15,1006.46 834.61,1008.08 835.42,1008.89
             836.50,1009.70 852.72,1011.59 851.64,1013.48
             848.67,1018.61 843.26,1021.85 841.10,1026.17
             840.29,1028.06 840.02,1034.01 839.75,1035.63
             839.75,1035.63 835.96,1041.84 835.96,1041.84
             835.42,1043.19 834.88,1044.54 835.15,1045.89
             835.15,1046.70 836.23,1046.70 836.23,1047.24
             835.96,1051.02 833.26,1054.53 833.53,1058.31
             833.53,1061.83 833.53,1062.91 833.80,1062.91
             824.61,1072.36 827.86,1062.10 820.29,1064.26
             819.75,1064.53 820.83,1065.61 820.83,1066.15
             820.83,1066.42 820.29,1066.15 820.29,1066.15
             819.48,1067.23 817.32,1068.31 817.86,1069.66
             818.13,1071.01 822.18,1068.31 822.18,1069.66
             821.91,1073.44 820.56,1070.47 819.21,1071.55
             816.78,1073.44 814.61,1078.84 812.72,1080.46
             811.10,1082.35 807.32,1081.54 806.24,1083.70
             805.43,1085.59 807.05,1088.03 806.24,1089.65
             805.16,1092.62 800.29,1092.62 798.40,1095.32
             795.16,1099.37 798.67,1103.15 797.32,1107.47
             797.05,1108.28 794.35,1106.93 794.35,1110.44
             794.35,1110.98 792.99,1111.52 793.26,1111.52
             796.51,1112.33 800.29,1110.98 801.91,1107.74
             802.18,1107.20 800.83,1106.66 800.56,1106.12
             800.56,1105.31 800.29,1104.77 800.83,1104.23
             803.26,1100.45 810.83,1100.45 814.34,1102.07
             815.43,1102.34 813.26,1103.96 813.53,1104.77
             813.53,1106.12 815.15,1106.66 815.43,1108.01
             815.70,1109.63 811.91,1109.36 813.53,1112.06
             814.07,1112.60 815.70,1111.79 815.97,1112.60
             816.51,1113.42 815.15,1114.77 815.43,1115.58
             815.70,1116.12 816.78,1114.50 817.05,1115.04
             818.40,1116.39 818.40,1118.28 819.48,1119.90
             807.05,1127.19 814.07,1123.95 817.86,1130.43
             818.40,1131.51 817.32,1133.40 818.13,1134.48
             818.94,1136.37 821.64,1136.64 822.45,1138.26
             823.80,1140.70 815.15,1147.72 813.80,1147.99
             812.99,1148.26 812.45,1146.64 811.64,1146.64
             810.29,1146.91 807.86,1146.91 807.86,1148.26
             807.32,1152.58 816.24,1156.09 817.59,1158.25
             818.40,1159.87 818.67,1162.03 818.67,1164.19
             818.40,1165.00 815.97,1163.65 815.70,1164.46
             815.43,1165.00 816.24,1165.54 815.97,1165.81
             815.15,1167.16 813.80,1167.98 812.72,1169.06
             811.91,1170.68 814.61,1171.49 814.88,1172.30
             814.88,1172.84 813.53,1172.84 813.53,1173.38
             813.26,1177.16 820.29,1182.29 823.26,1183.10
             824.88,1183.64 826.78,1182.83 828.40,1182.83
             830.02,1182.56 831.91,1181.48 833.26,1182.29
             837.32,1185.26 828.13,1191.47 829.48,1196.34
             829.21,1196.34 824.61,1197.96 824.07,1198.50
             823.80,1198.77 824.61,1199.85 824.07,1199.85
             823.80,1199.58 824.07,1198.50 823.80,1198.50
             822.18,1198.77 820.29,1199.04 819.21,1200.12
             818.40,1200.93 819.75,1202.82 818.67,1203.63
             817.59,1204.44 815.70,1203.36 814.34,1204.17
             813.26,1204.98 813.53,1207.14 812.18,1208.22
             811.10,1208.76 809.75,1207.41 808.67,1207.95
             807.86,1208.22 808.40,1209.57 807.59,1210.38
             806.78,1211.46 804.62,1211.73 804.07,1213.08
             803.80,1214.16 806.24,1215.78 805.16,1216.59
             803.80,1217.94 801.10,1216.59 799.21,1216.86
             796.78,1217.40 795.16,1219.83 792.99,1220.64
             790.56,1221.45 792.45,1217.67 787.05,1217.40
             783.54,1217.13 787.32,1218.75 786.78,1219.29
             786.24,1219.83 785.16,1219.83 784.35,1219.56
             783.54,1219.56 782.72,1219.56 782.45,1219.02
             782.45,1218.48 784.35,1217.13 780.56,1215.24
             779.75,1214.97 778.94,1215.24 777.86,1215.24
             775.97,1214.70 773.81,1214.97 772.46,1213.62
             771.10,1212.27 772.46,1209.57 771.37,1208.22
             770.83,1207.41 769.75,1209.30 768.67,1209.30
             767.05,1209.30 763.81,1209.84 764.08,1208.22
             764.35,1206.06 769.21,1206.87 769.48,1204.71
             769.48,1202.55 766.51,1200.93 764.62,1201.20
             763.00,1201.47 765.97,1204.44 765.16,1205.52
             763.81,1206.87 761.65,1207.68 759.75,1207.41
             755.43,1207.14 756.78,1199.58 755.97,1200.66
             752.19,1204.98 760.56,1206.87 758.13,1207.95
             749.48,1211.46 753.27,1205.79 753.00,1204.71
             752.73,1203.63 743.27,1202.55 742.46,1202.01
             740.30,1200.93 737.59,1197.42 734.89,1199.04
             731.92,1200.66 727.59,1206.06 724.62,1207.68
             721.92,1209.03 716.51,1207.95 713.27,1212.54
             712.73,1213.08 714.08,1214.16 714.08,1214.97
             713.54,1217.67 710.03,1219.29 709.76,1222.26
             709.76,1223.08 711.65,1222.81 711.92,1223.62
             713.27,1228.48 709.76,1227.13 711.65,1232.53
             712.19,1234.15 713.81,1235.50 715.43,1236.85
             715.43,1236.85 714.35,1236.85 714.35,1236.85
             710.03,1235.77 705.16,1233.34 701.11,1236.04
             700.30,1236.58 701.38,1238.74 700.30,1239.01
             697.60,1239.82 693.00,1234.42 690.30,1234.42
             687.87,1234.42 685.98,1235.77 683.81,1236.04
             682.19,1236.31 681.92,1233.34 681.38,1232.80M 878.12,1224.97
           C 881.91,1227.67 878.12,1234.96 878.12,1237.93
             878.12,1239.01 880.56,1241.44 880.29,1240.36
             879.74,1239.28 878.12,1236.31 878.39,1237.39
             878.93,1239.01 880.01,1240.09 880.56,1241.44
             881.37,1243.33 881.37,1249.27 881.37,1250.90
             881.64,1255.49 877.04,1259.00 877.04,1262.24
             877.04,1265.75 878.39,1270.61 875.42,1273.85
             875.15,1274.39 873.80,1273.85 873.80,1274.39
             873.80,1275.20 875.69,1274.39 875.42,1274.93
             875.42,1276.01 873.80,1276.01 873.26,1276.82
             872.45,1278.72 873.26,1281.15 871.91,1282.77
             868.12,1286.55 869.20,1278.72 868.39,1278.45
             864.88,1277.36 862.72,1280.07 860.29,1276.01
             859.75,1275.20 861.37,1274.12 860.83,1273.04
             860.02,1271.42 856.77,1270.88 857.04,1268.99
             857.04,1266.83 861.37,1265.75 861.10,1263.59
             860.83,1261.97 856.50,1265.21 856.23,1263.59
             855.69,1261.43 860.02,1260.35 859.75,1258.46
             859.48,1256.30 855.42,1256.84 854.88,1254.68
             854.61,1253.06 858.12,1252.52 858.12,1250.63
             858.12,1249.00 855.42,1248.19 854.61,1246.57
             854.34,1245.49 857.31,1246.30 857.85,1245.49
             858.39,1243.60 858.12,1241.17 859.21,1239.55
             859.48,1239.01 860.02,1240.90 860.56,1240.63
             861.91,1240.36 862.18,1238.47 863.53,1237.93
             864.61,1237.39 865.96,1238.47 867.04,1237.93
             868.39,1237.12 868.39,1234.69 869.75,1234.42
             871.37,1234.15 872.72,1236.31 874.61,1236.31
             876.23,1236.31 874.34,1232.80 874.61,1230.91
             874.88,1228.75 877.04,1227.13 878.12,1224.97 Z
           M 815.70,1201.74
           C 817.86,1201.74 819.75,1199.85 819.75,1197.96
             819.75,1196.07 817.86,1194.44 815.70,1194.44
             813.53,1194.44 811.64,1196.07 811.64,1197.96
             811.64,1199.85 813.53,1201.74 815.70,1201.74
             817.86,1201.74 813.53,1201.74 815.70,1201.74 Z" />
</svg>
