<?xml version="1.0" encoding="UTF-8" standalone="no"?>
<!DOCTYPE svg PUBLIC "-//W3C//DTD SVG 20010904//EN"
              "http://www.w3.org/TR/2001/REC-SVG-20010904/DTD/svg10.dtd">

<svg xmlns="http://www.w3.org/2000/svg"
     width="22.2222in" height="16.6667in"
     viewBox="0 0 2000 1500">
  <path id="nl"
        fill="none" stroke="black" stroke-width="1"
        d="M 793.26,864.65
           C 793.26,864.65 788.13,868.17 788.13,868.17
             786.24,868.71 784.08,867.90 782.18,867.90
             781.37,867.90 780.56,867.36 780.29,867.63
             776.78,871.95 777.86,880.59 776.24,885.18
             774.62,889.23 771.37,893.83 768.40,897.07
             767.32,898.42 766.51,900.04 765.16,900.85
             764.35,901.39 762.46,900.31 762.19,901.39
             761.65,903.01 764.08,905.17 763.27,906.79
             760.56,911.11 752.19,908.95 754.08,910.03
             756.24,911.38 757.86,913.27 760.29,914.35
             761.38,914.62 762.46,913.00 763.27,913.27
             764.35,913.54 766.24,915.16 765.43,915.97
             764.08,916.78 760.56,913.81 760.56,915.43
             760.83,917.86 767.86,917.59 766.51,919.48
             762.46,924.89 758.67,914.89 757.05,914.62
             751.92,913.27 747.05,914.08 747.86,915.97
             747.86,916.24 756.24,921.92 757.86,921.65
             758.40,921.65 758.13,920.56 758.67,920.02
             759.75,919.21 760.83,921.10 761.92,921.38
             763.00,921.92 764.62,920.83 765.70,921.92
             766.24,922.46 766.78,923.27 767.05,924.08
             767.86,924.35 768.40,924.62 769.21,924.35
             771.10,924.35 765.97,918.13 772.46,920.02
             773.00,920.02 771.91,921.38 772.19,921.65
             775.43,924.35 776.24,917.86 778.67,919.75
             779.48,920.56 776.51,922.19 777.32,922.73
             783.54,925.97 778.13,921.92 783.00,920.83
             783.81,920.56 785.16,928.40 787.05,928.67
             791.37,929.48 797.05,929.21 800.56,933.80
             800.83,934.34 799.48,934.88 799.21,935.42
             798.67,937.04 797.32,938.39 797.05,940.01
             797.05,940.55 798.40,940.28 798.13,940.82
             797.86,941.63 796.51,941.90 796.24,942.98
             794.35,949.74 798.94,947.84 803.26,948.11
             803.26,948.11 803.53,948.11 803.53,948.11
             802.99,947.30 802.72,946.49 802.72,946.22
             802.99,945.14 804.89,945.14 805.16,944.06
             805.97,939.47 798.13,937.85 800.56,937.31
             801.37,937.04 801.91,938.12 802.45,938.12
             802.45,938.12 807.59,933.53 807.59,933.53
             807.86,932.18 804.34,933.80 805.43,931.64
             806.24,929.75 808.13,928.40 808.94,926.51
             811.37,920.56 805.43,916.24 803.80,913.27
             803.53,912.73 804.07,911.92 804.34,911.38
             804.34,910.84 803.80,910.03 804.34,909.76
             805.70,908.95 807.32,909.76 808.94,909.22
             809.48,908.95 808.40,907.33 808.94,907.60
             810.56,908.14 811.64,910.03 813.53,910.03
             815.43,910.30 822.72,907.87 823.53,905.98
             824.34,904.09 818.40,903.82 820.83,902.20
             825.15,899.23 830.29,898.15 829.21,891.39
             828.94,887.61 818.94,889.23 821.37,885.18
             821.64,884.37 822.99,885.18 822.99,884.64
             823.26,883.83 821.91,883.02 822.18,882.21
             822.18,881.67 822.99,881.67 823.53,881.67
             825.42,881.67 827.05,882.48 828.94,882.48
             831.10,882.48 829.21,878.16 830.02,876.00
             830.56,874.11 835.15,865.46 834.61,860.87
             829.21,863.57 828.67,853.58 824.07,852.50
             820.02,851.69 798.67,856.28 796.24,860.06
             794.89,861.68 794.35,863.30 793.26,864.65 Z
           M 745.97,921.92
           C 745.43,928.94 751.11,924.35 755.16,926.24
             755.70,926.51 754.62,927.59 755.16,928.13
             758.40,930.29 761.10,926.51 763.27,924.62
             761.92,923.27 760.29,922.19 759.75,921.92
             758.40,921.65 758.13,924.08 756.78,924.08
             752.19,924.08 755.16,921.38 749.75,920.56
             748.40,920.29 747.05,920.29 745.43,920.83
             745.43,920.83 745.97,921.92 745.97,921.92 Z" />
</svg>
