<?xml version="1.0" encoding="UTF-8" standalone="no"?>
<!DOCTYPE svg PUBLIC "-//W3C//DTD SVG 20010904//EN"
              "http://www.w3.org/TR/2001/REC-SVG-20010904/DTD/svg10.dtd">

<svg xmlns="http://www.w3.org/2000/svg"
     width="22.2222in" height="16.6667in"
     viewBox="0 0 2000 1500">
  <path id="ba"
        fill="none" stroke="black" stroke-width="1"
        d="M 1127.83,1202.28
           C 1125.13,1200.39 1125.13,1198.50 1122.16,1198.77
             1122.16,1198.77 1122.70,1197.96 1122.70,1197.96
             1122.70,1197.96 1122.16,1198.77 1122.16,1198.77
             1118.38,1203.09 1118.92,1209.30 1117.84,1210.65
             1115.67,1213.35 1114.86,1209.30 1114.05,1213.35
             1112.70,1221.18 1121.08,1221.45 1114.86,1227.40
             1114.86,1227.40 1116.21,1227.13 1116.21,1227.13
             1116.21,1227.13 1116.48,1231.45 1116.48,1231.45
             1113.24,1223.62 1107.84,1226.32 1101.08,1221.45
             1099.46,1220.10 1098.92,1217.67 1097.03,1217.13
             1095.67,1216.59 1094.05,1218.21 1092.43,1218.21
             1091.62,1218.21 1089.73,1217.94 1090.00,1217.13
             1090.54,1216.05 1092.97,1216.32 1093.24,1214.97
             1094.59,1211.46 1082.97,1206.87 1081.89,1204.98
             1080.81,1203.36 1081.62,1200.93 1080.54,1199.31
             1079.73,1198.23 1077.84,1198.50 1076.49,1197.96
             1070.81,1194.44 1067.30,1187.96 1062.43,1183.91
             1060.81,1182.83 1054.60,1176.62 1052.70,1175.81
             1051.89,1175.54 1050.81,1176.62 1050.00,1176.08
             1048.65,1174.73 1051.89,1171.76 1051.89,1171.22
             1051.62,1170.14 1050.27,1169.87 1049.46,1169.06
             1047.30,1165.81 1046.49,1161.49 1043.52,1158.79
             1042.44,1157.44 1040.27,1157.44 1038.92,1156.36
             1037.84,1155.55 1035.95,1139.88 1041.89,1140.15
             1044.60,1140.15 1049.19,1146.10 1051.62,1147.45
             1051.62,1147.45 1053.79,1147.18 1053.79,1147.18
             1053.79,1147.18 1051.62,1147.45 1051.62,1147.45
             1054.87,1147.18 1054.33,1142.05 1055.95,1139.88
             1058.92,1136.37 1060.27,1140.70 1064.06,1139.88
             1065.14,1139.61 1065.14,1137.45 1066.22,1136.64
             1066.22,1136.64 1067.84,1138.26 1072.43,1139.61
             1072.97,1139.88 1073.78,1140.15 1074.60,1139.88
             1075.14,1139.88 1075.41,1138.80 1076.22,1138.53
             1079.46,1138.26 1086.76,1142.32 1090.27,1141.78
             1091.08,1141.78 1091.89,1141.24 1092.16,1140.42
             1092.97,1139.88 1092.70,1137.99 1093.78,1137.99
             1095.40,1137.72 1096.49,1139.34 1098.11,1139.88
             1101.08,1140.70 1097.57,1138.53 1099.19,1137.99
             1100.81,1137.45 1102.70,1137.45 1104.32,1137.99
             1105.40,1138.26 1106.21,1139.88 1107.30,1139.88
             1108.11,1139.88 1107.30,1137.99 1108.11,1137.99
             1114.32,1138.26 1112.70,1145.02 1115.67,1145.56
             1120.81,1146.10 1123.51,1142.32 1128.37,1142.59
             1128.37,1150.96 1123.51,1156.63 1124.32,1161.76
             1125.40,1167.70 1127.02,1163.38 1130.81,1165.00
             1133.24,1166.08 1133.78,1169.60 1136.21,1170.95
             1137.02,1171.22 1139.73,1170.41 1138.91,1172.84
             1137.29,1178.24 1130.54,1172.30 1129.19,1174.19
             1129.19,1174.19 1141.35,1185.53 1138.10,1189.04
             1137.02,1189.85 1135.67,1187.15 1134.32,1187.69
             1132.70,1188.23 1132.43,1190.39 1131.35,1191.74
             1129.46,1192.28 1124.32,1191.20 1124.05,1192.55
             1123.24,1196.34 1130.00,1196.61 1127.83,1202.28
             1127.83,1202.28 1126.75,1202.28 1126.75,1202.28
             1126.75,1202.28 1127.83,1202.28 1127.83,1202.28 Z" />
</svg>
