<?xml version="1.0" encoding="UTF-8" standalone="no"?>
<!DOCTYPE svg PUBLIC "-//W3C//DTD SVG 20010904//EN"
              "http://www.w3.org/TR/2001/REC-SVG-20010904/DTD/svg10.dtd">

<svg xmlns="http://www.w3.org/2000/svg"
     width="22.2222in" height="16.6667in"
     viewBox="0 0 2000 1500">
  <path id="si"
        fill="none" stroke="black" stroke-width="1"
        d="M 976.22,1106.39
           C 976.76,1102.07 983.36,1103.35 983.90,1097.95M 983.90,1097.97
           C 984.29,1098.03 987.22,1098.37 988.66,1098.56
             990.82,1098.84 992.98,1100.45 995.14,1100.72
             997.30,1100.99 999.47,1099.37 1001.63,1099.64
             1002.98,1099.91 1003.79,1101.80 1005.14,1101.80
             1005.68,1102.07 1005.41,1100.45 1005.95,1100.18
             1007.30,1098.83 1009.46,1098.29 1010.82,1096.67
             1011.90,1095.86 1011.09,1093.97 1011.90,1093.16
             1017.03,1089.11 1022.44,1094.24 1027.30,1092.08
             1028.92,1091.27 1029.19,1088.84 1030.81,1088.30
             1031.08,1088.03 1040.00,1089.38 1040.27,1089.11
             1041.08,1088.84 1039.46,1087.76 1039.19,1086.95
             1038.38,1082.62 1041.62,1081.54 1045.68,1081.54
             1046.76,1081.54 1048.92,1089.92 1054.60,1094.51
             1052.70,1094.24 1048.11,1093.16 1047.03,1093.43
             1044.06,1093.97 1048.11,1097.75 1046.49,1098.83
             1045.14,1099.37 1043.52,1098.56 1042.17,1099.10
             1041.62,1099.37 1042.44,1100.45 1041.89,1100.99
             1039.19,1103.15 1034.87,1103.42 1032.17,1105.85
             1028.92,1108.82 1038.11,1116.39 1034.06,1119.36
             1024.60,1126.11 1030.54,1114.77 1024.33,1123.68
             1023.52,1124.76 1026.76,1125.03 1027.30,1126.38
             1027.84,1127.46 1024.60,1127.19 1024.60,1128.27
             1024.60,1128.81 1027.30,1132.32 1026.22,1133.67
             1023.25,1136.64 1018.92,1132.05 1016.22,1132.05
             1012.17,1132.05 1020.00,1135.83 1013.25,1133.94
             1011.36,1133.40 1008.92,1130.43 1008.11,1128.81
             1007.57,1128.27 1007.03,1126.65 1006.76,1127.19
             1005.68,1128.81 1005.95,1130.70 1004.87,1132.05
             1001.36,1136.64 996.49,1132.05 992.44,1133.40
             991.90,1133.67 992.98,1134.75 992.44,1135.29
             990.01,1136.64 985.14,1136.37 982.71,1135.29
             982.71,1135.29 982.71,1135.02 982.98,1135.02
             984.33,1133.67 985.95,1132.32 986.49,1130.97
             995.95,1131.51 985.14,1125.03 982.44,1123.41
             980.55,1122.33 983.52,1118.82 982.98,1117.47
             982.44,1116.12 978.12,1119.90 979.20,1116.39
             980.01,1113.96 985.14,1111.79 983.25,1110.17
             981.90,1109.09 975.68,1109.63 976.22,1106.39" />
</svg>
