<?xml version="1.0" encoding="UTF-8" standalone="no"?>
<!DOCTYPE svg PUBLIC "-//W3C//DTD SVG 20010904//EN"
              "http://www.w3.org/TR/2001/REC-SVG-20010904/DTD/svg10.dtd">

<svg xmlns="http://www.w3.org/2000/svg"
     width="22.2222in" height="16.6667in"
     viewBox="0 0 2000 1500">
  <path id="mk"
        fill="none" stroke="black" stroke-width="1"
        d="M 1172.97,1244.14
           C 1172.70,1246.03 1172.43,1247.92 1172.70,1249.54
             1172.70,1251.44 1174.32,1253.06 1174.32,1254.68
             1174.05,1255.49 1171.89,1255.49 1172.16,1256.30
             1172.43,1258.19 1175.13,1259.27 1175.40,1261.16
             1175.67,1261.97 1174.05,1262.78 1174.05,1263.59
             1174.05,1265.75 1181.07,1275.74 1182.15,1277.36
             1183.78,1279.26 1184.86,1276.28 1185.67,1276.28
             1186.75,1276.01 1188.10,1276.28 1188.91,1276.82
             1189.45,1277.36 1188.64,1278.72 1189.18,1278.72
             1191.07,1278.99 1209.18,1273.31 1210.26,1272.50
             1213.23,1269.26 1211.07,1264.94 1216.48,1263.05
             1218.37,1262.24 1228.91,1263.59 1230.53,1262.51
             1231.34,1261.97 1231.07,1260.35 1231.88,1259.81
             1232.42,1259.54 1233.23,1261.16 1233.77,1260.62
             1237.02,1258.46 1229.72,1254.14 1238.37,1252.52
             1238.37,1252.52 1238.37,1252.52 1238.37,1252.52
             1238.37,1252.52 1238.64,1252.52 1238.64,1252.52
             1238.91,1249.00 1238.37,1237.66 1238.10,1237.66
             1236.20,1235.77 1233.23,1230.37 1230.80,1228.75
             1229.45,1227.94 1227.56,1228.75 1225.94,1227.94
             1225.39,1227.67 1218.10,1221.99 1218.10,1221.45
             1214.58,1218.21 1205.94,1226.59 1201.61,1227.40
             1196.48,1228.21 1194.32,1224.70 1191.88,1230.64
             1191.61,1231.45 1192.69,1232.53 1192.42,1233.61
             1191.88,1234.96 1189.45,1231.72 1188.10,1231.72
             1184.59,1231.99 1181.34,1234.42 1178.37,1236.31
             1176.75,1237.39 1180.53,1248.73 1173.78,1244.14
             1173.78,1244.14 1172.97,1244.14 1172.97,1244.14 Z" />
</svg>
