<?xml version="1.0" encoding="UTF-8" standalone="no"?>
<!DOCTYPE svg PUBLIC "-//W3C//DTD SVG 20010904//EN"
              "http://www.w3.org/TR/2001/REC-SVG-20010904/DTD/svg10.dtd">

<svg xmlns="http://www.w3.org/2000/svg"
     width="22.2222in" height="16.6667in"
     viewBox="0 0 2000 1500">
  <path id="hr"
        fill="none" stroke="black" stroke-width="1"
        d="M 1115.94,1231.45
           C 1115.94,1231.45 1115.40,1229.56 1115.40,1229.56
             1112.16,1224.16 1107.03,1226.05 1101.08,1221.45
             1099.46,1220.10 1098.92,1217.67 1097.03,1217.13
             1095.94,1216.59 1094.59,1217.67 1093.24,1217.94
             1093.78,1218.21 1094.05,1218.21 1094.59,1218.48
             1095.13,1218.75 1095.67,1220.37 1095.13,1220.37
             1090.81,1220.10 1087.57,1216.05 1083.24,1215.51
             1081.35,1215.24 1079.19,1215.78 1077.30,1215.51
             1076.76,1215.51 1076.22,1214.16 1075.95,1214.43
             1075.41,1214.70 1075.41,1216.05 1075.95,1216.32
             1077.57,1216.86 1079.46,1216.05 1081.35,1216.32
             1082.97,1216.59 1084.86,1217.13 1086.76,1218.21
             1087.30,1218.48 1087.03,1219.56 1087.57,1219.83
             1096.76,1224.70 1094.86,1216.86 1109.19,1228.21
             1111.08,1229.56 1113.51,1230.91 1115.94,1231.45 Z
           M 1120.54,1144.75
           C 1118.11,1142.05 1122.16,1143.40 1123.24,1141.51
             1123.51,1141.24 1123.51,1140.70 1123.24,1140.42
             1119.73,1136.91 1122.16,1135.56 1122.43,1132.05
             1122.70,1130.70 1129.46,1136.10 1128.65,1130.70
             1124.86,1130.70 1120.54,1129.62 1117.29,1127.46
             1115.94,1126.38 1118.38,1125.84 1118.38,1125.57
             1118.38,1124.76 1115.67,1124.22 1117.29,1122.60
             1117.56,1122.33 1119.46,1123.95 1119.73,1122.33
             1120.00,1119.36 1114.32,1122.87 1114.32,1120.17
             1114.86,1113.96 1115.94,1115.58 1111.35,1109.09
             1111.35,1109.09 1111.08,1108.55 1111.08,1108.55
             1110.27,1108.82 1109.46,1108.82 1108.11,1109.09
             1106.21,1109.09 1105.94,1112.87 1105.40,1113.42
             1101.89,1116.39 1090.00,1116.66 1086.22,1115.04
             1084.32,1114.23 1082.70,1112.33 1080.54,1111.52
             1080.00,1111.25 1074.60,1112.06 1073.78,1110.98
             1068.11,1103.69 1061.89,1100.45 1054.60,1094.51
             1052.70,1094.24 1048.11,1093.16 1047.03,1093.43
             1044.06,1093.97 1048.11,1097.75 1046.49,1098.83
             1045.14,1099.37 1043.52,1098.56 1042.17,1099.10
             1041.62,1099.37 1042.44,1100.45 1041.89,1100.99
             1039.19,1103.15 1034.87,1103.42 1032.17,1105.85
             1028.92,1108.82 1038.11,1116.39 1034.06,1119.36
             1024.60,1126.11 1030.54,1114.77 1024.33,1123.68
             1023.52,1124.76 1026.76,1125.03 1027.30,1126.38
             1027.84,1127.46 1024.60,1127.19 1024.60,1128.27
             1024.60,1128.81 1027.30,1132.32 1026.22,1133.67
             1023.25,1136.64 1018.92,1132.05 1016.22,1132.05
             1012.17,1132.05 1020.00,1135.83 1013.25,1133.94
             1011.36,1133.40 1008.92,1130.43 1008.11,1128.81
             1007.57,1128.27 1007.03,1126.65 1006.76,1127.19
             1005.68,1128.81 1005.95,1130.70 1004.87,1132.05
             1001.36,1136.64 996.49,1132.05 992.44,1133.40
             991.90,1133.67 992.98,1134.75 992.44,1135.29
             990.01,1136.64 985.14,1136.37 982.71,1135.29
             981.90,1135.29 980.28,1134.48 980.28,1135.29
             980.55,1137.45 982.44,1139.07 983.25,1140.97
             983.25,1141.24 982.71,1141.24 982.71,1141.51
             982.98,1143.67 982.44,1145.83 983.52,1147.45
             983.52,1147.45 983.79,1147.45 983.79,1147.72
             982.71,1149.34 987.03,1151.23 988.39,1153.12
             989.47,1154.74 990.28,1161.76 991.63,1160.14
             992.98,1158.52 993.79,1156.36 994.87,1154.47
             995.14,1153.66 995.41,1152.85 995.41,1152.04
             995.41,1151.77 994.60,1152.04 994.60,1151.50
             994.60,1151.23 994.60,1150.15 994.87,1150.42
             995.95,1150.69 995.14,1156.90 998.11,1152.04
             998.65,1150.69 998.65,1149.34 998.65,1147.72
             998.65,1147.45 998.11,1147.18 998.11,1146.64
             998.11,1146.37 998.38,1147.45 998.65,1147.18
             1000.82,1146.10 998.92,1138.80 1001.36,1138.80
             1009.19,1138.26 1006.49,1141.24 1011.36,1145.29
             1012.44,1146.10 1014.06,1145.29 1014.87,1146.10
             1019.73,1151.77 1014.06,1158.79 1019.46,1164.73
             1021.09,1166.62 1025.68,1170.68 1027.57,1172.03
             1029.73,1173.11 1036.49,1174.19 1034.33,1175.00
             1030.54,1176.08 1023.52,1168.25 1024.60,1178.51
             1024.87,1181.75 1037.30,1188.77 1039.19,1191.20
             1039.73,1191.47 1037.03,1190.39 1037.57,1190.66
             1039.19,1191.74 1046.22,1193.90 1046.49,1194.71
             1047.03,1196.61 1045.41,1199.58 1046.76,1201.20
             1047.57,1201.74 1055.95,1198.77 1056.22,1198.50
             1061.62,1197.42 1057.84,1199.58 1064.60,1202.01
             1066.76,1202.55 1069.19,1201.74 1071.35,1202.55
             1074.32,1203.63 1076.22,1208.49 1079.46,1210.11
             1083.24,1211.73 1085.68,1212.81 1086.76,1213.89
             1086.76,1214.16 1087.03,1213.89 1087.03,1213.89
             1087.57,1213.89 1088.11,1213.35 1088.38,1213.89
             1089.46,1215.78 1087.84,1215.78 1090.27,1216.86
             1091.08,1216.05 1092.97,1216.05 1093.24,1214.97
             1094.59,1211.46 1082.97,1206.87 1081.89,1204.98
             1080.81,1203.36 1081.62,1200.93 1080.54,1199.31
             1079.73,1198.23 1077.84,1198.50 1076.49,1197.96
             1070.81,1194.44 1067.30,1187.96 1062.43,1183.91
             1060.81,1182.83 1054.60,1176.62 1052.70,1175.81
             1051.89,1175.54 1050.81,1176.62 1050.00,1176.08
             1048.65,1174.73 1051.89,1171.76 1051.89,1171.22
             1051.62,1170.14 1050.27,1169.87 1049.46,1169.06
             1047.30,1165.81 1046.49,1161.49 1043.52,1158.79
             1042.44,1157.44 1040.27,1157.44 1038.92,1156.36
             1037.84,1155.55 1035.95,1139.88 1041.89,1140.15
             1044.60,1140.15 1049.19,1146.10 1051.62,1147.45
             1051.62,1147.45 1053.79,1147.18 1053.79,1147.18
             1053.79,1147.18 1051.62,1147.45 1051.62,1147.45
             1054.87,1147.18 1054.33,1142.05 1055.95,1139.88
             1058.92,1136.37 1060.27,1140.70 1064.06,1139.88
             1065.14,1139.61 1065.14,1137.45 1066.22,1136.64
             1066.22,1136.64 1067.84,1138.26 1072.43,1139.61
             1072.97,1139.88 1073.78,1140.15 1074.60,1139.88
             1075.14,1139.88 1075.41,1138.80 1076.22,1138.53
             1079.46,1138.26 1086.76,1142.32 1090.27,1141.78
             1091.08,1141.78 1091.89,1141.24 1092.16,1140.42
             1092.97,1139.88 1092.70,1137.99 1093.78,1137.99
             1095.40,1137.72 1096.49,1139.34 1098.11,1139.88
             1101.08,1140.70 1097.57,1138.53 1099.19,1137.99
             1100.81,1137.45 1102.70,1137.45 1104.32,1137.99
             1105.40,1138.26 1106.21,1139.88 1107.30,1139.88
             1108.11,1139.88 1107.30,1137.99 1108.11,1137.99
             1114.32,1138.26 1112.70,1145.02 1115.67,1145.56
             1117.56,1145.83 1119.19,1145.29 1120.54,1144.75 Z" />
</svg>
