<?xml version="1.0" encoding="UTF-8" standalone="no"?>
<!DOCTYPE svg PUBLIC "-//W3C//DTD SVG 20010904//EN"
              "http://www.w3.org/TR/2001/REC-SVG-20010904/DTD/svg10.dtd">

<svg xmlns="http://www.w3.org/2000/svg"
     width="22.2222in" height="16.6667in"
     viewBox="0 0 2000 1500">
  <path id="dk"
        fill="none" stroke="black" stroke-width="1"
        d="M 881.37,806.04
           C 877.85,805.50 874.34,803.61 870.83,803.07
             870.02,803.07 866.77,803.34 864.88,803.07
             864.88,801.72 864.88,800.37 865.15,798.75
             865.15,797.40 867.31,795.78 866.23,794.70
             867.31,793.35 865.69,791.19 865.69,789.30
             865.42,787.68 866.23,785.25 865.15,784.16
             862.72,781.73 855.69,784.44 854.34,779.57
             853.53,776.60 856.23,773.36 856.23,769.85
             856.50,770.12 856.50,770.12 856.77,770.39
             865.15,774.44 859.75,763.64 859.21,762.56
             858.94,762.02 858.67,760.40 857.85,760.94
             856.50,761.48 856.77,763.91 855.42,764.18
             854.61,764.45 855.15,762.29 855.15,761.48
             855.42,759.59 855.96,757.70 855.96,756.07
             856.23,754.45 854.61,752.29 855.96,751.21
             856.23,750.94 856.77,750.67 857.04,750.67
             856.77,750.13 855.69,738.52 858.39,739.60
             860.02,740.14 858.94,742.84 859.75,744.19
             862.18,749.86 873.80,735.82 874.34,735.82
             880.01,734.20 873.53,743.11 874.61,744.46
             875.69,745.81 877.85,744.73 879.74,744.19
             879.20,744.19 878.93,744.19 878.93,743.92
             878.39,742.57 880.01,740.95 879.20,739.87
             878.66,739.06 877.04,741.22 876.77,740.41
             876.23,739.33 878.39,738.52 878.39,737.44
             878.66,731.23 874.61,733.12 879.74,729.34
             880.83,728.25 884.07,728.52 884.88,729.34
             885.42,729.88 884.07,732.31 884.61,731.77
             885.69,730.69 885.69,728.25 887.04,727.44
             888.12,726.90 889.47,727.44 890.55,727.44
             891.91,728.25 898.39,729.88 898.39,729.88
             898.93,731.50 897.58,733.39 897.85,735.28
             897.85,736.63 900.01,737.98 899.47,739.33
             898.93,740.41 897.04,739.06 895.96,739.33
             894.34,739.60 900.01,740.68 899.74,742.30
             899.74,742.84 899.47,743.11 899.47,743.38
             900.55,743.65 900.82,746.08 902.18,746.35
             905.42,747.16 910.28,742.57 911.63,748.78
             912.17,750.94 905.69,761.75 903.53,760.67
             901.64,759.59 901.64,756.07 899.47,755.26
             897.04,754.45 897.31,768.50 896.50,770.12
             895.15,773.63 892.99,776.06 889.20,776.06
             887.31,776.06 883.26,773.09 883.80,774.98
             884.61,776.87 888.93,775.79 890.01,777.95
             890.01,778.22 890.01,778.49 890.01,778.76
             890.28,778.76 890.55,778.76 890.55,778.76
             891.64,778.76 891.91,780.65 892.72,780.65
             895.69,779.84 897.85,775.25 900.82,776.33
             902.45,777.14 903.26,779.57 905.15,779.84
             906.23,780.11 906.50,778.22 907.31,777.68
             912.17,787.68 906.23,779.03 908.12,782.81
             909.74,785.79 914.88,798.21 904.88,797.13
             902.72,796.86 900.82,795.24 898.66,794.70
             897.85,794.70 896.50,796.05 895.69,795.24
             893.53,793.62 901.09,794.16 896.77,791.73
             890.01,788.22 896.77,794.16 894.61,794.16
             893.80,794.16 891.91,786.06 891.91,785.79
             891.10,783.89 888.39,782.81 887.85,780.65
             887.85,780.38 888.12,780.38 888.12,780.38
             885.96,781.19 882.99,781.73 882.99,782.00
             882.45,783.08 885.69,782.00 886.23,783.08
             886.50,783.89 884.61,784.16 884.61,784.98
             884.34,786.60 884.61,788.22 885.15,789.57
             885.42,790.38 886.77,790.65 886.77,791.46
             886.77,794.43 881.91,795.51 881.37,798.48
             881.37,799.56 883.53,797.94 884.34,798.48
             886.23,799.83 887.85,801.72 888.12,803.88
             888.39,804.96 886.23,801.72 885.15,801.99
             883.80,802.53 882.18,804.96 881.37,806.04M 612.74,532.16
           C 612.47,534.59 611.93,538.92 611.93,538.92
             611.93,538.92 612.47,534.59 612.74,532.16 Z
           M 616.79,505.69
           C 613.55,512.45 618.14,504.07 618.95,508.12
             618.95,508.66 617.60,508.66 617.60,508.93
             618.14,510.02 620.30,509.74 620.30,510.83
             620.30,512.72 619.76,515.96 617.87,515.96
             616.25,515.69 618.14,512.45 617.87,510.83
             617.06,508.12 608.95,505.15 616.79,505.69 Z
           M 943.52,776.33
           C 942.17,777.68 940.01,777.95 938.66,779.30
             936.23,782.00 939.14,782.76 941.58,784.11
             944.34,785.36 944.46,786.77 943.25,788.24
             941.09,790.14 935.15,789.30 935.15,791.73
             935.42,794.70 941.90,798.75 935.15,799.02
             932.71,799.02 930.82,797.40 928.66,796.32
             929.74,796.86 931.09,797.40 931.36,796.59
             931.90,794.70 930.28,792.54 928.93,790.92
             928.39,790.38 928.12,792.00 927.58,792.00
             925.96,792.00 924.88,790.65 923.53,790.38
             922.17,790.11 920.82,791.19 919.74,790.92
             919.20,790.92 919.20,790.11 919.20,789.84
             920.82,785.52 915.96,786.60 916.23,785.79
             916.50,784.71 918.39,784.98 918.66,783.89
             919.74,776.06 917.31,778.22 912.99,774.44
             912.44,773.90 910.82,772.55 911.63,772.28
             914.07,770.93 927.04,773.90 924.61,765.53
             924.07,763.64 921.09,764.18 919.47,763.10
             918.66,762.56 921.36,763.64 922.17,763.64
             923.53,764.18 924.88,764.72 926.23,764.72
             930.28,764.72 936.77,762.83 935.42,771.20
             935.15,772.55 931.63,773.90 932.71,774.71
             937.58,778.76 935.96,769.04 935.15,765.26
             934.88,763.64 930.64,765.02 931.09,763.64
             931.35,762.85 931.60,762.24 932.31,761.20
             933.38,758.27 938.97,758.36 944.25,759.53
             944.52,760.07 945.60,761.41 945.60,761.95
             945.33,763.57 945.70,764.09 945.70,765.71
             946.59,771.12 948.91,771.54 943.52,776.33M 937.85,804.42
           C 937.85,804.42 936.50,804.42 936.50,804.42
             936.50,804.69 936.50,804.96 936.50,804.96
             936.77,805.50 936.50,805.77 936.50,806.04
             935.69,806.58 934.61,807.39 934.34,807.93
             933.52,808.47 932.98,809.01 932.71,809.82
             932.71,809.82 932.44,810.09 932.44,810.09
             932.44,810.36 932.44,810.36 932.44,810.36
             932.44,810.36 932.44,810.09 932.44,809.82
             930.82,809.82 928.93,809.55 928.12,809.82
             926.77,810.09 925.69,812.53 924.07,812.26
             921.90,811.99 920.82,809.28 918.93,808.20
             917.58,807.39 915.69,806.85 914.61,805.77
             913.80,805.23 916.77,804.69 919.47,799.83
             923.25,803.07 928.93,803.88 932.17,806.58
             932.44,806.85 932.44,806.85 932.44,806.85
             930.82,804.42 927.31,802.53 928.66,800.37
             929.20,799.29 930.82,799.83 931.63,799.56
             933.52,801.45 937.58,801.18 938.12,803.61
             938.12,803.88 938.12,804.15 937.85,804.42 Z
           M 856.23,764.99
           C 856.23,765.53 856.23,766.34 856.23,767.15
             855.96,765.53 855.96,763.91 856.23,764.99 Z
           M 903.53,713.40
           C 904.34,716.37 901.64,730.96 896.77,729.34
             895.15,728.79 893.80,726.90 891.91,726.90
             893.80,724.47 885.69,726.36 883.53,726.90
             881.64,727.44 880.01,729.06 878.12,729.34
             877.31,729.34 876.77,727.98 875.96,727.98
             873.80,727.71 871.64,727.98 869.75,728.52
             868.93,728.79 869.48,730.42 868.66,730.96
             864.88,732.58 868.93,721.77 863.53,736.09
             863.26,736.36 864.88,743.92 864.61,743.92
             855.69,743.65 860.56,726.90 865.69,725.01
             870.29,722.85 876.77,725.28 881.37,723.39
             887.58,720.42 886.23,711.78 891.91,708.54
             893.80,707.73 896.23,708.27 898.12,707.46
             900.01,706.38 901.09,702.60 903.26,702.60
             907.31,702.60 901.09,705.57 900.82,708.00
             900.28,711.78 902.18,709.35 903.53,713.40 Z
           M 928.39,805.23
           C 928.39,805.23 925.96,805.50 925.96,805.50
             927.85,806.04 929.47,806.85 930.82,808.20
             930.82,808.20 931.09,808.20 931.09,808.20
             930.28,807.12 929.20,806.31 928.39,805.23 Z" />
</svg>
