<?xml version="1.0" encoding="UTF-8" standalone="no"?>
<!DOCTYPE svg PUBLIC "-//W3C//DTD SVG 20010904//EN"
              "http://www.w3.org/TR/2001/REC-SVG-20010904/DTD/svg10.dtd">

<svg xmlns="http://www.w3.org/2000/svg"
     width="22.2222in" height="16.6667in"
     viewBox="0 0 2000 1500">
  <path id="ru-main"
        fill="none" stroke="black" stroke-width="1"
        d="M 1824.27,1022.12
           C 1823.19,1022.66 1822.38,1023.20 1821.84,1023.47
             1821.84,1023.47 1821.84,1023.47 1821.84,1023.47
             1821.84,1023.47 1821.84,1023.47 1821.84,1023.47
             1819.88,1023.24 1816.97,1025.09 1815.89,1024.82
             1814.81,1024.82 1813.73,1023.74 1812.92,1023.74
             1812.65,1023.74 1806.16,1026.98 1805.89,1026.98
             1805.08,1026.98 1804.54,1025.36 1803.46,1024.82
             1802.38,1024.55 1801.03,1024.82 1799.95,1024.82
             1798.60,1024.82 1797.52,1024.82 1796.16,1024.82
             1795.89,1024.82 1795.35,1025.09 1795.35,1024.82
             1794.81,1023.20 1796.16,1014.29 1793.19,1014.29
             1791.57,1014.56 1789.68,1014.56 1788.06,1015.10
             1786.71,1015.64 1785.89,1018.07 1784.27,1018.07
             1778.33,1018.07 1779.14,1014.56 1770.76,1015.91
             1768.60,1016.18 1771.57,1021.04 1769.95,1022.39
             1768.06,1023.74 1765.36,1018.88 1762.92,1019.96
             1754.82,1023.74 1757.25,1035.09 1746.71,1035.09
             1742.65,1035.09 1747.25,1029.68 1745.63,1029.68
             1739.41,1029.41 1732.38,1031.58 1726.17,1031.03
             1724.82,1030.76 1723.47,1030.22 1722.39,1029.68
             1721.85,1029.14 1722.12,1028.06 1721.57,1027.79
             1717.52,1026.71 1712.39,1030.49 1712.39,1030.49
             1710.49,1031.03 1708.33,1029.95 1706.17,1030.22
             1690.50,1033.74 1705.90,1031.31 1698.87,1035.90
             1698.60,1035.90 1686.71,1040.49 1686.71,1040.49
             1684.55,1040.49 1682.66,1038.33 1680.50,1038.06
             1679.69,1038.06 1672.66,1041.30 1672.12,1041.30
             1668.61,1041.84 1665.09,1038.33 1661.58,1039.14
             1660.23,1039.41 1659.69,1041.30 1658.34,1041.84
             1650.23,1045.62 1646.99,1038.87 1646.99,1051.56
             1646.99,1051.56 1644.01,1051.29 1644.01,1051.29
             1644.01,1051.29 1638.61,1048.59 1638.61,1048.59
             1638.34,1048.86 1638.34,1048.86 1638.34,1048.86
             1633.20,1047.51 1628.61,1043.73 1623.74,1041.57
             1619.15,1039.68 1606.99,1034.55 1602.12,1034.82
             1598.88,1035.09 1595.64,1038.33 1592.12,1037.25
             1589.69,1036.44 1579.42,1028.87 1578.07,1029.41
             1576.99,1029.95 1580.77,1031.58 1579.96,1032.66
             1579.69,1032.93 1572.13,1034.55 1571.86,1034.55
             1567.26,1034.82 1565.37,1028.33 1561.32,1026.71
             1555.37,1024.55 1549.70,1028.87 1544.56,1025.63
             1540.24,1023.20 1556.18,1021.58 1551.86,1017.80
             1550.51,1016.72 1549.16,1020.77 1547.80,1019.96
             1546.45,1019.15 1546.18,1016.45 1547.26,1015.10
             1548.07,1014.02 1549.97,1015.37 1551.32,1015.37
             1552.67,1015.37 1554.29,1015.10 1555.37,1015.64
             1555.91,1015.91 1554.56,1017.26 1555.10,1016.99
             1555.64,1016.72 1555.64,1015.64 1556.18,1015.37
             1557.53,1014.56 1559.15,1013.75 1560.78,1013.48
             1561.32,1013.48 1561.32,1014.56 1561.59,1014.56
             1562.67,1013.48 1562.67,1011.59 1563.75,1011.05
             1565.64,1010.24 1567.80,1011.32 1569.69,1011.05
             1570.23,1011.05 1568.61,1010.78 1568.61,1010.24
             1568.34,1009.43 1569.42,1008.35 1569.15,1007.54
             1568.88,1005.92 1563.21,1003.48 1562.13,1001.32
             1560.51,998.89 1564.29,1002.40 1564.83,1000.78
             1565.10,1000.24 1563.48,1000.24 1563.48,999.43
             1563.75,997.81 1565.37,996.46 1566.18,994.57
             1567.26,991.87 1563.48,986.47 1565.10,984.85
             1569.15,979.99 1567.26,984.85 1570.50,990.79
             1570.78,991.60 1570.23,989.17 1570.23,988.36
             1570.23,988.09 1568.34,979.45 1570.50,978.64
             1572.40,977.83 1577.26,982.15 1579.42,978.64
             1579.69,978.10 1579.15,977.02 1578.34,976.48
             1576.18,975.12 1573.21,976.20 1570.78,975.12
             1569.15,974.31 1568.07,972.42 1566.18,972.15
             1558.61,970.53 1559.42,974.58 1554.56,968.37
             1553.75,967.29 1551.86,966.48 1552.40,965.67
             1552.94,964.59 1554.56,966.21 1555.64,966.21
             1556.99,965.94 1558.34,965.40 1559.42,964.59
             1561.32,962.97 1561.05,959.46 1563.48,958.38
             1564.02,958.11 1564.29,959.46 1564.83,959.73
             1565.91,960.27 1572.67,960.54 1571.59,958.11
             1571.05,956.49 1567.80,958.92 1566.18,957.84
             1560.51,953.52 1568.07,952.44 1568.34,952.44
             1572.40,950.28 1575.91,941.36 1577.53,940.55
             1578.07,940.55 1578.07,941.63 1578.34,941.63
             1579.69,941.36 1581.31,941.09 1582.13,940.01
             1584.83,935.96 1582.94,932.99 1578.61,931.64
             1577.26,931.37 1575.64,931.64 1574.29,932.45
             1569.15,934.61 1572.94,934.07 1572.40,937.04
             1571.59,941.09 1560.51,942.98 1558.07,945.68
             1558.07,945.95 1557.80,945.95 1557.80,946.22
             1557.80,946.22 1557.80,945.95 1557.80,945.95
             1555.64,943.52 1556.99,942.71 1557.53,940.28
             1558.07,937.31 1554.29,941.09 1554.29,939.47
             1554.56,937.58 1552.94,931.10 1553.75,929.48
             1554.02,929.48 1561.86,922.19 1561.86,922.19
             1562.40,921.10 1561.05,919.75 1561.05,918.67
             1560.78,917.59 1560.51,916.24 1561.32,915.16
             1565.37,910.30 1578.07,912.46 1581.86,906.79
             1582.67,905.71 1581.31,904.09 1580.77,902.74
             1580.50,902.20 1579.42,901.93 1579.42,901.39
             1579.42,900.58 1581.04,900.58 1581.04,900.04
             1581.04,899.23 1579.96,898.69 1579.69,897.88
             1579.42,896.53 1579.69,894.91 1579.96,893.28
             1579.96,892.74 1580.77,892.20 1580.77,891.66
             1581.86,888.42 1576.99,891.39 1576.99,891.39
             1576.18,890.85 1577.80,889.50 1577.53,888.42
             1576.45,886.53 1574.83,884.64 1573.48,883.02
             1571.59,881.13 1568.61,885.72 1568.34,882.75
             1566.99,874.11 1567.80,876.54 1572.67,874.38
             1572.94,874.11 1575.10,869.52 1573.48,870.06
             1569.69,870.87 1567.80,873.57 1564.56,870.87
             1561.05,867.90 1567.26,867.09 1568.07,865.73
             1568.88,864.92 1567.80,863.57 1568.07,862.76
             1568.88,859.25 1572.13,857.36 1568.88,853.85
             1567.80,852.50 1565.91,852.23 1564.83,851.15
             1563.48,849.53 1566.72,846.02 1564.56,845.75
             1559.42,845.48 1562.67,849.80 1558.61,850.61
             1544.83,852.77 1562.13,848.72 1551.05,846.83
             1547.53,846.29 1547.26,850.34 1544.29,848.45
             1543.21,847.91 1542.40,846.56 1541.59,845.75
             1539.16,844.13 1540.24,850.34 1537.26,850.34
             1535.37,850.34 1533.48,849.80 1531.59,848.99
             1530.78,848.45 1530.24,846.56 1529.16,846.83
             1527.81,846.83 1527.26,849.53 1525.64,849.53
             1523.75,849.53 1522.40,847.64 1520.24,847.37
             1513.21,846.29 1523.75,856.82 1516.45,855.47
             1514.56,855.20 1514.02,852.77 1512.40,851.96
             1511.32,851.42 1509.70,852.23 1508.35,851.69
             1504.29,850.34 1501.32,845.21 1497.81,842.51
             1496.73,841.70 1486.73,851.96 1483.21,856.82
             1482.13,858.44 1479.43,855.47 1477.54,855.20
             1476.46,855.20 1476.46,856.82 1475.65,857.36
             1474.30,858.17 1473.21,854.93 1471.59,854.39
             1465.11,852.77 1463.76,862.22 1459.16,859.79
             1457.27,858.98 1455.65,857.90 1454.30,856.55
             1453.22,855.47 1452.14,854.12 1451.87,852.50
             1451.87,851.69 1453.49,851.42 1453.22,850.61
             1453.22,849.53 1446.19,843.32 1445.92,842.51
             1445.65,841.70 1447.27,840.35 1446.73,839.81
             1446.46,839.54 1445.92,839.54 1445.65,839.54
             1444.57,839.81 1443.76,840.62 1442.68,840.62
             1440.78,840.89 1440.51,837.64 1439.43,836.29
             1439.16,835.75 1438.62,835.75 1438.08,836.02
             1437.00,836.56 1431.33,840.08 1430.25,840.08
             1429.70,840.35 1429.70,838.72 1428.89,838.72
             1427.00,838.72 1425.11,838.99 1423.49,839.54
             1422.95,839.81 1421.33,843.59 1419.98,840.89
             1419.71,840.35 1420.79,839.81 1420.79,839.27
             1421.06,838.45 1421.06,837.37 1420.52,836.83
             1419.71,836.02 1418.62,836.56 1417.81,835.75
             1416.46,834.94 1418.08,832.24 1417.00,831.16
             1415.92,829.81 1412.14,829.00 1412.95,827.38
             1414.03,826.03 1420.25,824.68 1418.62,822.25
             1416.46,819.01 1411.33,819.28 1409.71,817.93
             1408.63,817.12 1407.81,816.04 1407.54,814.96
             1407.00,813.88 1407.81,812.53 1407.27,811.99
             1406.19,810.90 1404.57,810.90 1403.49,810.09
             1401.87,809.01 1401.06,806.85 1399.17,806.58
             1397.00,806.04 1396.19,810.90 1393.76,810.90
             1392.95,810.90 1393.22,809.01 1392.41,809.01
             1381.87,808.20 1388.36,814.15 1382.14,816.85
             1382.14,816.85 1370.52,817.66 1370.25,817.66
             1369.71,817.66 1371.60,825.76 1369.17,828.19
             1367.55,829.54 1365.66,830.89 1363.49,831.16
             1362.68,831.16 1362.95,829.54 1362.14,829.00
             1361.60,828.73 1360.79,830.08 1360.25,829.81
             1359.44,829.27 1359.98,828.19 1359.44,827.38
             1359.44,827.38 1353.76,823.87 1353.76,823.60
             1353.49,823.06 1354.57,822.25 1354.30,821.71
             1353.49,819.82 1351.60,818.74 1351.33,817.12
             1351.06,816.31 1352.68,816.04 1352.68,815.23
             1352.14,813.34 1348.36,813.34 1348.09,811.17
             1347.82,810.36 1349.44,810.09 1349.71,809.28
             1350.52,806.04 1340.79,804.15 1339.98,801.99
             1338.90,799.83 1340.79,797.13 1340.52,794.70
             1340.52,790.38 1353.49,796.05 1357.01,793.89
             1359.44,792.54 1362.14,787.41 1361.87,784.71
             1361.87,784.44 1360.79,784.71 1361.06,784.44
             1362.41,783.08 1364.84,782.54 1365.66,780.92
             1366.47,779.84 1365.66,777.41 1364.57,776.87
             1359.98,775.25 1359.44,777.14 1357.01,774.44
             1356.20,773.36 1358.90,769.58 1355.93,769.85
             1352.68,770.12 1351.06,769.04 1346.47,770.39
             1344.85,770.93 1343.22,772.55 1341.60,772.01
             1340.25,771.47 1342.68,763.91 1340.25,762.29
             1339.44,761.75 1331.06,761.75 1328.36,759.86
             1324.04,757.16 1326.74,754.45 1320.52,752.56
             1319.44,752.02 1322.14,747.43 1321.06,747.16
             1317.28,747.16 1315.93,746.89 1311.61,743.92
             1309.71,742.84 1313.23,737.17 1312.69,736.09
             1311.06,733.66 1314.85,735.55 1313.77,733.93
             1312.96,732.58 1306.47,727.44 1306.74,726.09
             1307.82,722.31 1308.36,719.61 1306.20,715.83
             1305.66,714.75 1304.04,716.91 1302.96,716.91
             1302.69,716.91 1294.04,711.51 1294.04,711.51
             1287.28,708.81 1292.15,710.97 1288.36,712.59
             1287.82,712.86 1284.58,712.32 1283.77,713.13
             1282.42,715.02 1280.26,720.15 1278.09,721.23
             1273.77,723.39 1274.04,712.32 1274.04,712.32
             1265.66,710.43 1267.28,711.51 1261.61,715.83
             1260.26,716.91 1259.18,713.13 1257.83,712.05
             1253.23,708.81 1254.58,717.72 1247.83,712.32
             1249.99,704.49 1242.15,697.19 1237.56,693.41
             1235.66,692.06 1239.45,689.63 1235.66,689.09
             1234.31,688.82 1233.23,690.98 1231.88,690.71
             1231.34,690.71 1231.88,689.90 1231.88,689.36
             1231.88,689.09 1232.15,688.55 1232.15,688.28
             1232.15,686.39 1232.69,684.50 1232.42,682.61
             1232.15,681.80 1230.26,682.07 1230.26,681.26
             1230.26,677.75 1236.75,675.59 1227.83,672.34
             1226.75,672.07 1225.13,672.07 1224.31,671.26
             1223.50,670.18 1224.85,668.29 1223.77,667.75
             1222.69,666.94 1221.61,668.29 1220.26,668.56
             1220.80,667.21 1218.91,663.43 1219.72,662.62
             1220.26,662.08 1221.61,662.08 1221.88,661.27
             1222.15,660.73 1221.07,660.46 1221.07,659.65
             1220.80,659.11 1220.80,658.30 1221.07,657.76
             1224.31,655.06 1224.58,658.03 1225.67,654.79
             1225.94,653.98 1223.50,654.52 1222.69,653.71
             1220.80,651.82 1221.88,650.47 1221.34,648.58
             1221.07,647.77 1216.75,645.33 1215.94,644.52
             1213.77,640.74 1216.21,642.36 1216.21,638.85
             1216.21,633.99 1210.80,628.86 1209.99,624.00
             1209.72,621.03 1212.96,618.86 1213.77,616.70
             1213.77,616.70 1214.04,609.95 1214.04,609.95
             1214.04,608.60 1212.96,606.98 1213.77,605.90
             1216.48,600.23 1221.07,602.66 1214.59,598.61
             1215.13,594.56 1208.91,590.23 1212.15,586.99
             1212.96,586.45 1213.77,588.07 1214.32,588.34
             1215.67,589.15 1217.29,591.31 1218.37,590.23
             1219.72,589.15 1217.83,586.72 1218.10,584.83
             1218.37,581.32 1224.58,584.29 1225.40,584.02
             1231.88,582.67 1219.99,575.38 1234.58,574.57
             1239.45,574.30 1255.12,577.00 1247.56,570.79
             1246.20,569.71 1243.50,571.33 1241.88,570.52
             1237.83,568.63 1239.72,563.76 1233.23,566.47
             1230.80,567.28 1227.83,571.06 1224.31,569.44
             1223.77,569.17 1223.50,568.09 1222.96,567.55
             1221.88,566.20 1220.80,564.84 1219.18,564.30
             1218.10,563.76 1216.21,565.66 1215.40,564.57
             1212.96,561.33 1215.40,555.66 1212.96,552.42
             1212.69,551.88 1207.83,559.98 1207.56,559.98
             1205.40,561.06 1202.96,560.79 1201.07,561.87
             1200.53,562.14 1200.80,562.68 1200.80,563.22
             1200.80,563.22 1200.26,562.68 1200.26,562.68
             1201.88,556.47 1207.02,549.99 1210.26,544.59
             1218.64,529.73 1223.77,512.72 1229.45,496.78
             1233.77,485.17 1235.12,482.19 1235.66,469.77
             1235.94,467.88 1237.02,465.72 1236.21,463.83
             1234.04,457.62 1209.99,448.70 1203.78,444.38
             1202.96,443.84 1212.69,428.99 1205.94,423.85
             1203.51,421.96 1198.37,423.85 1196.75,421.15
             1189.72,409.00 1198.37,414.67 1196.21,411.16
             1192.97,406.30 1189.45,410.08 1185.40,405.22
             1181.89,401.17 1184.32,400.90 1186.21,397.11
             1187.29,394.68 1180.80,394.68 1180.80,393.60
             1181.07,391.71 1181.07,381.99 1181.07,381.72
             1175.40,376.86 1182.16,379.83 1183.78,377.94
             1184.86,376.32 1178.10,366.59 1177.29,365.51
             1172.70,359.30 1167.56,352.01 1162.16,346.61
             1161.35,345.80 1157.02,342.55 1156.21,340.93
             1152.16,333.37 1165.13,314.19 1159.99,309.60
             1158.64,307.98 1156.21,307.98 1154.59,306.90
             1151.62,304.74 1150.27,300.96 1147.29,299.07
             1147.02,299.07 1137.83,297.72 1137.56,297.72
             1135.94,296.37 1135.40,294.21 1134.32,292.32
             1128.38,282.59 1135.40,283.40 1132.43,276.38
             1131.08,273.14 1125.94,276.11 1127.02,274.22
             1127.02,274.22 1127.02,274.22 1127.02,274.22
             1127.02,274.22 1132.70,268.28 1132.70,268.28
             1132.70,268.28 1132.70,268.28 1132.70,268.28
             1135.94,269.36 1134.32,262.06 1133.51,258.82
             1133.78,259.36 1133.78,259.90 1134.05,260.44
             1134.05,260.44 1135.40,255.04 1135.40,255.04
             1134.86,255.58 1134.32,256.12 1134.05,256.66
             1136.48,253.15 1144.32,247.75 1139.73,243.97
             1137.02,241.54 1145.40,245.86 1148.64,244.78
             1151.89,243.70 1148.10,238.57 1146.48,236.41
             1150.27,236.14 1158.37,236.14 1158.64,235.86
             1159.45,234.78 1156.48,233.70 1156.21,232.35
             1155.67,230.19 1155.94,228.03 1156.75,225.87
             1157.02,224.79 1164.32,228.30 1165.40,229.11
             1167.02,231.00 1171.08,226.68 1172.97,228.30
             1174.32,229.92 1173.78,233.43 1172.16,234.78
             1169.72,237.49 1163.78,229.65 1161.35,232.35
             1159.99,234.24 1160.81,237.49 1162.43,238.84
             1163.78,239.92 1165.94,236.14 1167.56,237.22
             1168.64,238.03 1168.10,239.65 1167.56,241.27
             1171.62,238.30 1181.61,235.32 1182.16,237.76
             1183.51,243.70 1178.37,234.24 1180.80,243.70
             1181.07,245.32 1184.05,245.32 1184.05,246.94
             1184.32,249.37 1177.02,251.80 1182.16,255.31
             1183.24,255.85 1181.07,252.88 1181.61,251.80
             1182.16,249.64 1184.32,248.29 1185.40,246.40
             1185.67,245.86 1185.40,245.32 1185.40,244.51
             1186.21,242.62 1186.75,239.92 1188.10,238.57
             1192.15,234.78 1193.78,239.38 1197.83,238.03
             1204.05,235.86 1207.02,232.89 1214.32,234.51
             1222.69,236.41 1234.85,238.57 1243.50,242.08
             1245.39,242.89 1246.75,244.78 1248.64,245.59
             1249.99,246.13 1251.61,245.59 1252.96,246.40
             1254.04,246.94 1254.04,248.83 1255.12,249.10
             1256.74,249.64 1259.72,250.45 1260.26,248.83
             1261.07,247.21 1257.28,248.02 1255.93,247.48
             1255.39,247.48 1257.01,247.75 1257.28,247.48
             1257.56,247.21 1256.74,246.40 1257.01,246.40
             1259.99,246.13 1275.93,254.23 1277.28,250.72
             1277.82,249.10 1274.31,248.29 1274.31,246.67
             1274.31,245.86 1276.20,247.48 1277.01,248.02
             1278.90,249.10 1280.26,250.72 1281.88,251.53
             1282.96,252.07 1284.58,251.26 1285.66,251.80
             1287.28,252.88 1288.09,254.77 1289.44,255.85
             1291.34,257.47 1293.77,253.69 1296.20,253.96
             1298.90,254.23 1298.36,260.17 1300.52,261.79
             1300.80,262.06 1301.07,261.25 1301.34,261.25
             1304.31,262.06 1304.04,266.66 1305.39,268.01
             1306.47,268.82 1308.36,267.20 1309.44,268.01
             1312.96,270.71 1313.50,282.59 1312.69,286.91
             1312.15,290.97 1312.69,292.86 1312.15,296.64
             1309.71,309.06 1296.47,322.03 1284.58,324.19
             1279.45,325.00 1276.20,323.38 1271.34,323.38
             1265.93,323.65 1260.80,326.08 1255.39,326.62
             1252.96,326.89 1250.53,328.24 1248.10,327.97
             1244.85,327.70 1238.64,323.38 1235.39,324.73
             1233.77,325.27 1233.77,327.97 1232.15,328.51
             1231.07,328.78 1230.53,326.62 1229.45,326.35
             1228.10,325.81 1226.48,326.89 1225.40,326.08
             1224.31,325.27 1226.21,322.30 1224.85,322.30
             1223.50,322.57 1224.31,325.54 1223.23,326.08
             1221.61,327.16 1219.45,327.16 1217.56,326.89
             1215.67,326.89 1205.94,323.92 1204.59,321.49
             1204.05,320.41 1206.21,318.79 1205.40,317.43
             1204.86,316.89 1191.88,319.06 1190.26,319.60
             1189.72,319.87 1190.80,321.22 1191.34,321.22
             1195.40,320.95 1198.91,318.24 1201.61,323.38
             1202.15,323.92 1199.72,323.92 1199.45,324.73
             1199.18,325.27 1200.80,324.19 1201.07,324.73
             1201.61,325.27 1200.26,326.08 1200.80,326.62
             1201.07,327.16 1201.88,325.81 1202.42,326.08
             1204.59,326.89 1205.67,330.13 1207.83,330.40
             1216.48,332.02 1211.88,328.24 1219.99,333.10
             1221.07,333.91 1223.23,333.91 1223.77,335.53
             1224.04,336.34 1217.02,339.31 1219.72,341.47
             1220.80,342.28 1222.15,339.58 1223.50,339.31
             1224.85,339.04 1241.34,343.09 1242.96,345.25
             1244.85,348.23 1244.31,347.15 1246.75,350.39
             1247.56,351.47 1251.07,352.01 1249.99,352.82
             1248.64,353.90 1246.47,350.93 1244.85,351.74
             1244.31,351.74 1248.91,357.41 1248.91,357.68
             1252.42,367.13 1248.10,359.84 1245.12,367.40
             1244.85,368.21 1247.29,367.13 1248.10,367.67
             1249.18,368.48 1257.01,376.05 1257.01,376.32
             1257.01,377.13 1255.93,377.67 1256.20,378.48
             1256.20,380.64 1260.80,379.56 1261.34,381.72
             1261.88,382.80 1258.91,384.42 1259.72,385.50
             1260.53,386.58 1262.42,383.07 1263.50,383.88
             1264.31,384.69 1261.34,385.50 1261.34,386.85
             1261.07,388.74 1261.34,391.17 1262.69,392.52
             1262.69,392.79 1274.31,396.30 1275.12,396.03
             1276.74,395.76 1273.77,390.63 1285.66,394.95
             1308.36,403.60 1271.88,390.09 1291.88,401.44
             1292.42,401.98 1311.88,400.90 1312.42,400.63
             1313.50,399.81 1311.88,397.65 1312.69,396.57
             1313.23,395.76 1314.85,396.84 1315.39,396.03
             1318.90,391.17 1315.66,385.50 1312.15,381.72
             1310.25,379.83 1310.25,381.72 1307.82,380.37
             1307.01,380.10 1307.28,378.21 1306.47,378.48
             1305.66,378.48 1305.93,379.83 1305.66,380.64
             1305.66,381.18 1306.20,381.72 1305.66,381.99
             1304.04,383.34 1301.61,384.42 1299.17,384.15
             1297.55,383.88 1279.99,371.72 1280.53,370.10
             1281.34,368.21 1284.31,367.94 1285.66,366.59
             1287.28,364.97 1282.96,362.27 1282.96,359.84
             1283.23,352.82 1302.15,363.08 1302.96,363.08
             1305.12,362.81 1307.01,360.65 1309.17,360.92
             1309.71,360.92 1309.98,361.73 1310.25,362.54
             1310.25,362.54 1310.52,362.27 1310.52,362.27
             1313.50,359.30 1327.01,364.43 1329.17,363.35
             1330.79,362.54 1329.98,359.57 1331.33,358.49
             1333.77,356.60 1337.82,361.46 1342.68,358.22
             1344.85,356.87 1339.44,354.44 1338.36,352.28
             1338.09,351.74 1339.17,351.20 1339.17,350.66
             1337.82,345.80 1322.14,340.66 1318.36,336.07
             1312.96,329.32 1319.17,325.27 1321.06,318.79
             1321.87,316.35 1320.52,313.38 1321.87,311.22
             1324.31,306.63 1328.63,304.47 1330.52,298.80
             1330.79,297.45 1330.25,283.94 1331.33,283.40
             1332.95,282.86 1335.12,283.13 1337.01,283.13
             1340.79,283.40 1337.82,286.10 1338.09,286.10
             1346.47,281.51 1340.79,278.81 1349.17,282.05
             1351.06,282.59 1353.22,282.05 1354.85,282.86
             1355.66,283.13 1355.66,283.94 1355.39,284.48
             1355.93,283.94 1356.74,283.40 1357.82,283.40
             1362.14,283.94 1363.49,291.51 1367.55,290.97
             1368.09,290.97 1365.93,289.07 1360.52,281.78
             1356.20,275.57 1359.44,270.17 1357.55,263.42
             1357.55,263.14 1357.01,264.23 1356.47,264.23
             1355.12,263.42 1353.76,262.60 1352.95,261.25
             1352.68,260.71 1353.49,259.63 1353.49,259.09
             1353.22,258.01 1352.95,256.93 1352.41,256.12
             1350.52,254.77 1344.85,250.99 1343.49,250.72
             1341.60,250.72 1339.71,252.61 1337.55,252.07
             1335.12,251.26 1334.04,242.62 1333.77,240.73
             1332.68,235.86 1333.77,235.05 1333.77,235.05
             1332.68,233.97 1329.17,229.11 1328.63,226.95
             1328.36,225.06 1330.25,223.17 1329.71,221.55
             1329.44,220.47 1328.63,224.52 1327.82,223.98
             1323.77,222.63 1329.17,216.15 1314.58,213.45
             1314.31,213.45 1303.50,211.29 1306.47,209.13
             1309.98,206.69 1313.77,209.40 1317.01,209.40
             1319.98,209.40 1327.01,201.83 1329.71,200.75
             1332.95,199.40 1336.47,198.32 1339.71,198.86
             1340.25,198.86 1339.44,199.94 1339.71,200.21
             1340.52,201.29 1341.87,202.64 1343.22,203.18
             1348.90,205.61 1357.28,206.15 1360.52,213.45
             1360.52,213.45 1355.66,216.42 1354.57,218.04
             1352.95,219.93 1345.93,224.25 1346.74,226.68
             1346.74,226.95 1347.55,226.68 1347.55,226.95
             1348.36,227.76 1349.17,228.57 1348.90,229.65
             1348.90,232.35 1343.76,235.86 1348.90,240.19
             1351.60,242.35 1357.55,239.92 1360.52,241.00
             1362.95,242.08 1368.63,250.45 1372.14,248.56
             1374.30,247.48 1375.65,241.54 1377.55,243.16
             1378.90,244.51 1376.74,247.21 1377.82,248.56
             1378.90,249.64 1378.09,245.86 1378.63,244.51
             1380.52,241.27 1382.95,238.03 1386.19,235.59
             1387.01,235.05 1388.36,236.68 1389.17,235.86
             1390.25,234.51 1384.57,226.41 1384.03,225.60
             1382.68,223.44 1383.22,218.04 1382.14,216.15
             1379.98,212.37 1375.65,213.99 1378.09,209.40
             1378.63,208.59 1380.52,211.29 1380.79,210.48
             1381.06,209.13 1379.98,207.77 1380.25,206.42
             1380.52,205.07 1382.95,205.88 1383.76,204.80
             1384.30,204.26 1383.49,202.64 1384.30,202.37
             1386.19,201.29 1388.90,202.91 1390.79,201.56
             1392.41,200.48 1386.46,202.37 1385.11,201.29
             1384.03,200.48 1384.30,198.59 1383.22,198.05
             1382.14,196.97 1379.71,197.78 1378.90,196.70
             1378.09,195.62 1381.33,197.51 1382.68,196.97
             1384.30,196.43 1385.92,195.08 1387.28,193.73
             1389.44,191.30 1389.44,184.28 1391.06,181.58
             1391.60,180.76 1390.52,183.74 1390.79,184.82
             1391.06,185.36 1391.60,184.01 1391.60,183.47
             1391.87,178.33 1392.14,172.66 1393.22,167.53
             1393.49,166.45 1395.92,166.99 1396.73,165.91
             1397.54,164.29 1397.54,162.40 1398.36,160.78
             1398.63,160.24 1399.71,160.24 1399.71,159.70
             1399.98,159.16 1398.63,158.89 1398.90,158.08
             1399.17,157.27 1400.52,157.54 1400.79,156.73
             1401.87,154.84 1401.33,151.86 1402.95,150.51
             1407.00,147.54 1407.54,158.35 1409.98,158.08
             1412.14,157.81 1411.06,153.76 1411.33,151.59
             1411.60,151.05 1411.60,149.97 1411.06,149.70
             1409.44,148.89 1407.27,149.16 1405.65,148.35
             1404.84,148.08 1406.19,145.11 1405.65,145.38
             1405.11,145.92 1404.84,147.00 1404.57,147.81
             1404.57,148.08 1405.11,148.62 1404.84,149.16
             1404.57,149.43 1403.49,149.97 1403.49,149.43
             1401.87,142.95 1410.25,125.39 1415.11,121.07
             1415.38,120.53 1416.46,119.99 1416.73,120.53
             1417.00,121.61 1416.19,122.69 1415.65,123.77
             1415.65,123.77 1409.17,130.26 1409.71,130.80
             1411.06,131.88 1412.95,128.64 1414.84,128.91
             1415.65,129.18 1414.30,130.80 1414.30,131.61
             1414.84,133.50 1415.38,135.39 1416.46,137.01
             1418.62,138.90 1423.22,139.17 1424.57,141.87
             1426.46,145.38 1411.60,151.86 1422.41,151.59
             1424.03,151.59 1424.30,149.16 1425.65,148.08
             1426.73,147.27 1428.89,147.81 1429.43,146.73
             1430.25,145.38 1427.81,142.95 1429.16,142.41
             1430.52,141.60 1430.79,146.19 1431.87,145.65
             1433.49,144.57 1431.06,141.06 1432.68,140.25
             1434.57,139.17 1437.00,142.14 1438.89,141.33
             1439.97,141.06 1434.57,134.85 1434.57,134.04
             1432.68,128.10 1436.19,127.56 1437.81,123.23
             1438.35,121.61 1437.27,119.72 1438.08,118.10
             1438.35,117.56 1439.70,117.83 1440.51,117.83
             1447.54,115.94 1442.95,115.13 1445.38,113.51
             1446.46,112.97 1447.81,113.78 1449.16,113.51
             1450.78,112.70 1452.14,111.62 1453.49,110.27
             1455.11,108.38 1451.59,105.41 1451.59,102.98
             1451.87,101.63 1454.03,101.09 1454.30,99.74
             1454.84,97.57 1452.41,94.60 1454.03,93.52
             1455.65,92.17 1459.43,97.84 1459.43,95.68
             1459.43,93.79 1455.11,94.33 1454.03,92.44
             1453.49,91.90 1456.46,85.15 1457.27,84.34
             1458.08,83.80 1457.81,86.23 1458.62,86.50
             1459.43,86.77 1460.51,85.69 1461.32,85.69
             1475.11,85.15 1464.84,88.39 1468.35,93.25
             1472.40,98.65 1472.13,98.93 1477.00,96.76
             1478.35,95.95 1480.24,96.76 1481.05,95.41
             1485.11,85.96 1475.11,90.55 1473.49,84.88
             1472.94,83.26 1477.27,80.29 1478.35,78.40
             1479.70,75.16 1477.27,71.92 1477.81,69.21
             1478.62,65.97 1457.00,61.65 1453.22,59.49
             1449.16,57.33 1454.30,55.17 1455.11,52.47
             1455.92,50.04 1451.59,48.15 1451.59,45.72
             1451.59,44.10 1460.24,42.20 1460.24,42.20
             1466.19,38.42 1470.78,31.67 1477.81,28.43
             1484.57,25.19 1492.40,22.76 1499.97,22.49
             1500.51,22.49 1501.32,23.03 1501.86,23.03
             1503.48,23.03 1505.37,22.49 1506.73,21.95
             1508.62,21.14 1510.24,19.52 1512.13,18.44
             1515.37,17.09 1507.27,21.14 1512.13,21.41
             1513.75,20.87 1515.10,19.52 1516.73,18.71
             1519.16,17.36 1521.86,18.17 1524.29,17.09
             1525.37,16.54 1528.08,12.76 1529.70,13.03
             1530.51,13.03 1529.97,14.65 1530.51,14.92
             1533.75,16.82 1538.35,14.11 1541.59,14.11
             1542.67,13.84 1544.02,13.84 1545.10,14.38
             1545.64,14.38 1543.75,14.38 1544.02,14.92
             1544.29,15.19 1545.10,14.92 1545.64,14.92
             1547.26,14.11 1548.61,12.49 1550.51,12.49
             1551.86,12.49 1552.94,14.92 1554.29,14.38
             1555.91,13.84 1556.72,11.68 1556.99,9.79
             1556.99,8.98 1555.37,10.06 1554.83,9.52
             1553.75,8.44 1553.48,6.82 1552.67,5.20
             1552.40,4.66 1551.86,3.85 1551.32,2.50
             1551.32,2.50 1618.88,2.50 1618.88,2.50
             1620.23,3.58 1621.58,4.39 1621.04,5.47
             1619.96,7.63 1618.34,9.25 1617.80,11.14
             1617.53,11.95 1619.15,10.33 1619.69,10.60
             1621.31,10.60 1627.80,13.30 1628.61,14.92
             1629.15,15.73 1628.34,17.09 1627.53,17.36
             1627.26,17.90 1626.72,16.27 1626.18,16.27
             1625.64,16.27 1626.99,17.09 1626.99,17.36
             1626.72,18.17 1625.64,18.71 1625.64,19.25
             1625.64,19.79 1627.26,18.71 1627.26,19.25
             1626.99,20.06 1625.64,20.06 1625.37,20.87
             1625.10,21.14 1626.18,21.41 1626.18,21.68
             1626.45,23.57 1627.53,26.00 1626.45,27.62
             1625.37,29.78 1621.85,31.13 1619.69,30.05
             1619.42,29.78 1618.88,29.24 1618.88,28.70
             1618.88,28.43 1619.69,28.16 1619.69,27.89
             1619.69,26.00 1621.31,21.68 1619.15,21.95
             1617.26,22.22 1619.42,26.54 1618.07,28.16
             1616.45,29.51 1614.02,28.97 1611.85,29.24
             1611.04,29.24 1610.23,28.70 1609.42,28.70
             1608.61,28.70 1610.23,30.32 1609.96,31.13
             1609.42,31.67 1607.80,31.94 1607.80,32.75
             1607.53,33.56 1609.69,33.29 1609.42,33.83
             1605.64,38.96 1604.83,27.35 1603.75,40.31
             1603.75,41.12 1605.37,39.23 1605.91,39.50
             1611.85,41.66 1609.15,45.45 1615.91,42.47
             1616.99,41.93 1628.07,35.72 1628.88,34.91
             1631.85,31.94 1632.12,27.08 1635.37,23.84
             1637.80,21.14 1642.93,21.95 1645.09,19.25
             1650.50,12.22 1638.07,10.06 1636.99,5.74
             1636.72,4.66 1637.26,3.58 1637.80,2.50
             1637.80,2.50 1997.50,2.50 1997.50,2.50
             1997.50,2.50 1997.50,286.91 1997.50,286.91
             1995.88,286.91 1993.18,285.56 1990.47,290.15
             1989.93,291.24 1993.72,292.59 1992.91,295.29
             1991.01,301.77 1987.50,291.78 1986.15,297.99
             1985.88,299.88 1989.39,302.58 1987.77,303.39
             1986.96,303.66 1978.85,301.50 1979.12,300.69
             1979.39,299.34 1981.02,298.53 1981.56,297.18
             1982.10,295.83 1977.50,296.91 1973.72,291.78
             1971.02,288.26 1976.96,289.88 1972.64,287.72
             1969.39,286.37 1969.12,292.59 1962.91,287.72
             1962.91,287.72 1959.40,283.13 1957.50,282.86
             1955.34,282.32 1953.18,282.86 1951.29,282.05
             1950.75,282.05 1950.48,278.27 1949.13,280.70
             1946.42,285.83 1946.69,286.64 1946.96,291.78
             1946.96,292.59 1948.31,293.40 1947.77,293.94
             1943.72,297.72 1939.40,294.75 1935.07,297.45
             1920.21,306.63 1938.32,297.18 1929.13,305.01
             1928.59,305.55 1928.05,303.93 1927.51,304.20
             1926.15,304.47 1924.53,305.01 1923.45,306.09
             1922.37,307.44 1928.59,308.79 1928.59,309.60
             1929.13,310.41 1926.42,309.33 1925.34,309.60
             1924.26,309.87 1923.72,311.22 1922.91,311.76
             1921.29,313.11 1926.15,315.27 1926.15,317.43
             1926.42,320.14 1921.56,321.49 1921.56,324.19
             1921.56,325.00 1922.37,325.27 1923.18,325.27
             1925.88,325.54 1927.78,325.00 1927.24,329.59
             1926.97,334.45 1922.64,331.48 1922.64,335.26
             1922.91,345.52 1922.37,337.96 1918.59,345.80
             1918.32,346.61 1919.94,347.42 1919.67,348.23
             1918.86,352.28 1914.80,357.68 1912.91,361.46
             1911.56,364.16 1909.94,366.86 1908.59,369.56
             1908.32,370.37 1908.86,371.99 1908.05,372.26
             1906.70,372.26 1906.43,369.83 1905.07,369.83
             1902.91,370.10 1906.16,374.16 1905.35,376.05
             1904.53,377.67 1902.37,377.94 1901.02,379.02
             1900.48,379.56 1902.64,380.10 1902.64,380.91
             1902.10,383.07 1898.32,383.34 1900.21,386.31
             1901.56,388.20 1906.16,389.01 1905.35,391.44
             1904.26,394.68 1902.37,392.25 1899.94,392.79
             1896.97,393.33 1899.94,398.46 1895.35,399.00
             1895.08,399.00 1894.81,398.19 1894.81,398.46
             1893.45,402.52 1890.75,406.03 1888.86,410.08
             1888.32,411.43 1895.08,410.62 1890.21,414.13
             1889.13,414.94 1887.24,413.86 1886.16,414.67
             1884.27,416.56 1885.35,420.07 1884.00,422.23
             1883.73,422.77 1882.91,422.50 1882.64,422.77
             1881.83,423.85 1880.75,424.93 1880.21,426.28
             1879.94,426.82 1882.10,427.36 1881.56,428.18
             1880.48,430.88 1873.46,434.39 1875.35,437.90
             1875.89,438.98 1878.59,440.60 1879.13,441.95
             1879.67,443.30 1875.89,443.03 1874.81,442.22
             1874.00,441.68 1874.54,439.25 1873.73,439.79
             1871.29,441.14 1867.78,443.03 1867.51,446.00
             1867.51,447.08 1870.21,447.08 1870.21,448.43
             1870.21,449.78 1868.32,450.32 1867.24,450.59
             1866.43,450.59 1866.16,449.24 1865.62,449.51
             1863.46,450.32 1863.46,453.83 1862.92,453.83
             1862.11,454.10 1859.13,453.02 1858.59,453.02
             1852.92,454.37 1859.13,460.59 1858.32,460.86
             1855.62,461.94 1857.51,455.46 1855.08,462.21
             1853.46,467.07 1861.02,460.32 1861.56,463.83
             1861.56,465.45 1861.29,467.07 1861.56,468.69
             1861.83,469.23 1862.92,469.50 1862.92,470.04
             1862.38,471.12 1859.94,473.55 1861.02,473.28
             1861.29,473.28 1869.40,468.69 1869.40,468.69
             1869.94,468.15 1868.59,467.34 1868.86,466.53
             1869.40,465.18 1872.64,462.48 1873.73,466.26
             1874.00,467.61 1873.73,469.50 1872.64,470.58
             1871.83,471.39 1870.75,469.77 1869.67,470.04
             1867.51,470.58 1870.21,477.06 1872.37,477.60
             1876.97,479.22 1880.75,472.47 1881.56,471.93
             1882.91,471.39 1884.27,472.74 1885.62,472.20
             1886.70,471.93 1890.75,467.34 1892.91,470.04
             1897.24,475.71 1892.10,475.71 1890.48,476.79
             1889.13,477.87 1889.13,480.30 1887.78,481.11
             1886.70,481.92 1884.81,480.30 1883.45,481.11
             1882.10,481.92 1881.56,483.82 1880.75,485.17
             1879.67,486.52 1877.78,487.60 1877.78,489.22
             1877.51,490.03 1879.67,488.95 1880.21,489.49
             1882.10,491.11 1876.43,501.91 1880.48,502.18
             1881.56,502.45 1882.37,500.83 1883.45,501.37
             1884.54,501.64 1884.54,503.53 1885.89,504.07
             1886.70,504.34 1887.78,502.72 1888.59,502.99
             1890.75,503.53 1893.18,504.34 1893.99,506.23
             1893.99,506.23 1892.64,516.77 1892.37,516.77
             1891.83,518.12 1889.94,518.66 1889.13,520.01
             1888.05,522.44 1889.94,525.41 1888.59,527.84
             1887.78,529.73 1883.73,530.00 1886.70,532.16
             1891.29,535.13 1892.91,530.27 1897.24,528.92
             1899.67,528.11 1896.43,535.94 1899.40,534.32
             1902.91,532.43 1905.35,528.92 1909.13,527.57
             1910.75,527.30 1911.83,530.81 1913.45,530.27
             1922.37,528.11 1913.18,522.98 1926.97,526.76
             1927.51,526.76 1928.59,525.68 1928.86,526.22
             1929.40,527.30 1927.78,528.11 1927.78,528.92
             1928.59,532.97 1936.96,539.46 1935.61,543.24
             1933.72,549.72 1927.78,560.25 1921.02,562.95
             1917.24,564.30 1915.34,559.71 1912.91,561.06
             1909.67,563.22 1919.67,572.95 1912.91,580.24
             1906.97,586.18 1915.61,572.68 1908.05,577.27
             1905.07,579.16 1902.37,582.40 1898.05,583.48
             1896.97,584.02 1895.89,583.75 1894.54,583.48
             1893.99,583.21 1893.72,582.40 1892.91,582.40
             1892.10,582.67 1891.83,584.29 1891.02,584.02
             1890.21,584.02 1890.21,582.40 1889.67,582.13
             1889.13,582.13 1888.86,583.21 1888.32,583.21
             1887.78,583.21 1887.24,582.94 1886.70,582.40
             1885.89,580.78 1886.43,577.00 1883.18,578.35
             1882.10,578.62 1881.29,579.97 1879.94,580.24
             1879.13,580.24 1878.59,579.16 1878.05,578.89
             1878.05,578.89 1877.51,579.16 1877.51,579.16
             1877.51,579.16 1877.51,579.16 1877.24,579.16
             1877.24,579.16 1877.24,579.16 1877.24,579.16
             1877.24,579.16 1877.51,579.16 1877.51,579.16
             1874.00,580.78 1877.51,581.86 1877.24,583.21
             1877.24,583.21 1877.24,583.21 1877.24,583.21
             1875.35,584.56 1871.56,585.64 1871.02,586.18
             1870.75,586.45 1870.48,586.72 1870.48,586.99
             1872.37,586.18 1876.43,585.10 1877.24,583.48
             1876.16,585.37 1870.21,586.99 1869.67,587.53
             1867.78,589.15 1872.10,592.39 1873.19,594.02
             1872.37,594.02 1871.56,594.29 1871.02,594.83
             1871.02,594.83 1871.02,595.10 1871.02,595.37
             1871.29,595.37 1871.83,595.37 1872.37,595.10
             1871.29,595.37 1870.21,595.37 1869.67,596.18
             1869.13,596.99 1870.21,598.07 1869.94,598.88
             1869.94,598.88 1869.94,598.88 1869.94,598.88
             1867.24,599.15 1861.56,595.10 1861.29,595.10
             1860.48,595.37 1860.21,595.91 1859.67,596.45
             1859.67,596.45 1859.67,596.45 1859.67,596.45
             1858.59,596.72 1858.32,598.34 1857.51,599.15
             1857.78,599.15 1857.78,598.88 1857.78,598.88
             1856.70,599.69 1854.54,601.04 1853.73,602.12
             1854.54,601.58 1855.35,601.04 1856.16,600.50
             1854.27,601.58 1851.84,603.47 1852.11,604.55
             1852.65,605.36 1854.27,605.36 1854.54,606.44
             1852.65,606.17 1849.94,605.09 1849.94,605.36
             1849.40,605.90 1849.40,606.44 1849.67,606.98
             1849.67,606.98 1849.67,606.98 1849.67,606.98
             1848.86,606.71 1848.59,606.71 1848.32,606.71
             1846.70,609.41 1852.11,610.76 1849.94,614.54
             1850.21,614.54 1850.21,614.27 1850.21,614.00
             1849.40,614.00 1848.32,614.00 1848.05,614.54
             1847.78,614.81 1847.78,615.08 1847.78,615.62
             1848.05,615.35 1848.32,615.35 1848.59,615.35
             1847.78,615.62 1846.97,615.35 1846.70,616.16
             1845.62,617.78 1849.13,620.49 1849.13,621.84
             1849.13,621.84 1847.24,630.48 1846.70,633.18
             1845.08,632.91 1843.19,631.29 1841.57,631.29
             1841.03,631.56 1840.76,632.10 1840.49,632.64
             1840.76,632.91 1841.30,632.91 1841.84,633.18
             1841.30,632.91 1840.76,632.64 1840.21,632.91
             1839.67,632.91 1839.40,633.45 1839.13,633.99
             1839.13,633.99 1839.13,633.72 1839.13,633.72
             1835.62,633.99 1820.49,627.78 1818.32,632.91
             1819.95,632.10 1822.65,632.10 1825.62,632.64
             1821.03,631.83 1816.97,631.83 1816.70,635.07
             1816.43,636.15 1816.43,637.77 1817.51,638.31
             1818.32,638.85 1820.49,636.42 1821.84,638.04
             1823.19,639.93 1828.32,645.33 1827.51,648.04
             1827.24,648.58 1826.70,649.39 1826.16,649.66
             1826.70,649.39 1826.97,648.85 1827.24,648.31
             1825.89,649.12 1824.27,649.12 1823.46,647.77
             1822.11,646.41 1821.30,644.52 1820.76,642.90
             1820.49,641.82 1821.30,639.66 1820.22,639.66
             1820.22,639.66 1812.11,639.93 1811.84,639.93
             1811.84,639.93 1811.30,640.20 1809.95,641.01
             1804.54,638.58 1811.30,635.88 1802.11,637.77
             1799.95,638.31 1798.60,640.47 1796.70,640.47
             1788.33,640.20 1796.16,633.18 1785.35,636.69
             1782.11,637.77 1773.46,649.12 1771.03,648.04
             1767.79,646.14 1765.63,642.63 1762.11,641.01
             1761.57,640.74 1762.38,642.09 1762.11,642.36
             1761.57,644.25 1761.30,646.14 1759.95,647.77
             1759.14,648.85 1757.25,648.58 1756.44,649.39
             1752.92,653.71 1759.41,655.06 1757.25,659.38
             1756.17,661.27 1754.55,655.06 1753.19,657.76
             1751.57,661.00 1754.28,662.89 1749.41,663.16
             1744.28,663.70 1751.57,659.65 1748.60,658.03
             1742.65,654.79 1743.74,660.46 1739.14,661.54
             1737.52,661.81 1735.90,660.73 1734.28,661.27
             1733.47,661.27 1738.60,664.78 1738.33,665.59
             1736.44,673.96 1736.71,661.54 1734.01,666.67
             1732.11,669.64 1736.17,670.45 1736.17,672.88
             1736.17,673.15 1734.55,682.34 1734.28,682.88
             1733.20,684.50 1731.30,685.31 1730.22,686.93
             1729.41,688.82 1730.22,690.98 1729.14,692.87
             1727.79,694.76 1723.47,693.95 1722.66,696.38
             1720.49,703.41 1727.52,703.41 1726.98,705.03
             1726.44,706.38 1725.63,708.00 1724.55,709.35
             1724.28,709.89 1723.47,709.62 1723.20,710.16
             1723.20,710.43 1721.57,718.80 1721.30,719.34
             1720.22,721.50 1715.09,720.96 1715.09,721.77
             1715.09,723.39 1717.79,722.04 1717.79,722.04
             1719.68,723.39 1726.17,731.23 1727.79,732.85
             1728.33,733.66 1727.79,735.28 1728.60,735.82
             1730.76,737.71 1731.03,731.77 1732.66,736.90
             1732.93,737.98 1732.93,739.33 1732.66,740.41
             1726.17,756.07 1722.12,747.16 1712.66,743.11
             1711.58,742.57 1700.50,737.98 1699.68,739.60
             1698.60,742.57 1696.17,747.97 1698.60,751.48
             1699.14,752.02 1701.58,752.56 1701.58,753.91
             1701.85,759.86 1697.52,761.48 1697.52,764.72
             1697.25,765.53 1704.01,783.89 1704.01,783.89
             1705.63,785.25 1710.49,782.81 1712.12,786.06
             1714.01,790.65 1711.04,792.81 1710.49,796.59
             1709.95,800.64 1712.12,807.39 1712.66,811.44
             1712.93,813.07 1712.39,815.23 1713.47,816.31
             1714.28,816.85 1727.25,813.61 1729.14,814.15
             1731.03,814.69 1729.68,818.20 1731.30,819.01
             1732.11,819.55 1733.20,817.93 1733.74,818.47
             1734.28,819.01 1733.74,820.36 1733.47,821.44
             1733.20,821.98 1731.57,822.25 1732.11,822.79
             1733.20,824.41 1735.36,824.41 1736.71,825.76
             1737.25,826.03 1736.44,826.84 1736.17,827.38
             1736.17,827.38 1736.44,827.65 1736.44,827.92
             1736.71,827.92 1744.01,829.00 1744.01,829.00
             1744.55,828.46 1741.84,823.33 1742.11,823.06
             1744.01,822.79 1746.17,823.60 1748.33,823.06
             1751.84,821.98 1753.73,816.58 1758.06,817.66
             1768.33,820.36 1772.92,825.49 1781.30,830.89
             1785.08,833.32 1790.49,833.32 1793.19,836.56
             1794.81,838.72 1791.03,843.05 1789.68,843.32
             1788.06,843.32 1784.81,839.27 1783.46,844.13
             1781.57,851.42 1798.06,848.18 1803.73,847.91
             1804.00,848.72 1804.27,849.53 1804.54,850.34
             1804.54,850.34 1804.54,850.34 1804.54,850.34
             1804.54,850.34 1804.54,850.34 1804.54,850.34
             1804.81,851.15 1805.08,851.69 1805.35,852.23
             1805.35,852.23 1805.35,852.23 1805.35,852.23
             1805.35,852.50 1805.35,852.50 1805.35,852.77
             1805.35,852.77 1805.35,852.77 1805.35,852.77
             1805.62,853.04 1805.62,853.31 1805.62,853.58
             1805.62,853.58 1805.62,853.58 1805.62,853.58
             1805.62,853.58 1805.62,853.85 1805.89,853.85
             1805.89,853.85 1805.89,853.85 1805.89,853.85
             1805.89,853.85 1805.89,853.85 1805.89,854.12
             1805.89,854.12 1805.89,854.12 1805.89,854.12
             1805.89,854.12 1805.89,854.12 1805.89,854.12
             1805.89,854.12 1805.89,854.12 1805.89,854.12
             1805.89,854.39 1805.89,854.39 1805.89,854.39
             1805.89,854.39 1805.89,854.39 1805.89,854.39
             1805.89,854.39 1805.89,854.39 1805.89,854.39
             1805.89,854.39 1805.89,854.39 1805.89,854.39
             1805.89,854.39 1805.89,854.39 1805.89,854.66
             1805.89,854.66 1805.89,854.66 1805.89,854.66
             1805.89,854.66 1805.89,854.66 1805.89,854.66
             1805.89,854.66 1805.89,854.66 1805.89,854.66
             1805.89,854.66 1805.89,854.66 1805.89,854.66
             1805.89,854.66 1806.16,854.66 1806.16,854.66
             1806.16,854.66 1806.16,854.66 1806.16,854.66
             1806.16,854.66 1806.16,854.93 1806.16,854.93
             1806.16,854.93 1806.16,854.93 1806.16,854.93
             1806.16,854.93 1806.16,854.93 1806.16,854.93
             1806.16,854.93 1806.16,854.93 1806.16,854.93
             1806.16,854.93 1806.16,854.93 1806.16,854.93
             1806.16,854.93 1806.16,854.93 1806.16,854.93
             1806.16,855.20 1806.16,855.20 1806.16,855.20
             1806.16,855.20 1806.16,855.20 1806.16,855.20
             1806.16,855.20 1806.16,855.20 1806.16,855.20
             1806.16,855.20 1806.16,855.20 1806.16,855.20
             1806.16,855.20 1806.16,855.20 1806.16,855.20
             1806.16,855.20 1806.16,855.20 1806.16,855.20
             1806.16,855.20 1806.16,855.20 1806.16,855.20
             1806.16,855.20 1806.16,855.20 1806.16,855.20
             1806.16,855.47 1806.16,855.47 1806.16,855.47
             1806.16,855.47 1806.16,855.47 1806.16,855.47
             1806.16,855.47 1806.16,855.47 1806.16,855.47
             1805.08,869.52 1801.03,856.28 1799.41,860.33
             1799.14,861.14 1802.65,861.95 1801.57,862.49
             1798.60,864.38 1798.06,859.25 1797.52,862.22
             1796.70,865.73 1802.92,866.00 1804.54,868.98
             1806.70,873.84 1799.14,867.63 1798.06,868.17
             1795.89,869.25 1797.79,872.49 1796.70,874.65
             1796.43,875.46 1794.81,875.19 1794.27,876.00
             1794.00,876.81 1795.08,877.89 1794.81,878.70
             1793.73,880.59 1792.38,882.21 1790.76,883.83
             1787.79,886.53 1787.52,881.94 1787.25,885.18
             1786.98,886.80 1789.68,888.42 1788.60,889.23
             1786.16,891.12 1783.73,887.61 1781.84,887.07
             1781.03,887.07 1779.68,887.07 1779.95,887.34
             1781.30,888.96 1783.46,889.50 1784.54,890.85
             1785.35,891.66 1786.16,893.28 1785.35,893.28
             1785.35,893.28 1785.35,893.28 1785.35,893.28
             1785.35,893.28 1785.35,893.28 1785.35,893.28
             1785.35,893.28 1785.35,893.28 1785.35,893.28
             1785.35,893.28 1785.35,893.28 1785.35,893.28
             1785.35,893.28 1785.35,893.28 1785.35,893.28
             1785.35,893.28 1785.35,893.28 1785.35,893.28
             1785.35,893.28 1785.35,893.28 1785.35,893.28
             1785.35,893.28 1785.35,893.28 1785.35,893.28
             1784.81,893.28 1784.27,893.28 1783.46,893.28
             1783.46,893.28 1783.46,893.28 1783.73,893.28
             1781.84,893.01 1780.49,892.47 1778.87,891.66
             1778.33,891.39 1779.95,890.31 1779.41,889.77
             1778.60,889.50 1775.90,889.50 1776.71,890.04
             1778.33,891.12 1780.49,890.85 1782.38,891.66
             1782.92,891.93 1783.46,892.74 1783.73,893.82
             1783.73,893.82 1783.73,893.82 1783.73,893.82
             1784.00,893.82 1784.00,894.09 1784.00,894.37
             1784.00,894.37 1784.00,894.37 1784.00,894.37
             1784.00,894.64 1784.00,894.64 1784.00,894.64
             1784.00,894.64 1784.00,894.64 1784.00,894.64
             1784.27,894.91 1784.27,895.18 1784.27,895.18
             1784.27,895.18 1784.27,895.18 1784.27,895.45
             1784.27,895.45 1784.27,895.45 1784.27,895.45
             1784.27,895.45 1784.27,895.72 1784.27,895.72
             1784.27,895.72 1784.27,895.72 1784.27,895.72
             1784.27,895.72 1784.27,895.72 1784.27,895.72
             1784.27,895.72 1784.27,895.72 1784.27,895.72
             1784.27,895.99 1784.27,895.99 1784.27,896.26
             1784.27,896.26 1784.27,896.26 1784.27,896.26
             1784.27,896.26 1784.27,896.26 1784.27,896.26
             1784.54,896.80 1784.54,897.34 1784.54,897.88
             1784.54,897.88 1784.54,897.88 1784.54,897.88
             1784.54,897.88 1784.54,897.88 1784.54,897.88
             1784.54,897.88 1784.54,897.88 1784.54,897.88
             1784.54,897.88 1784.54,897.88 1784.54,897.88
             1784.54,898.15 1784.54,898.15 1784.54,898.15
             1784.54,898.15 1784.54,898.15 1784.54,898.15
             1784.54,898.15 1784.54,898.15 1784.54,898.15
             1784.54,898.42 1784.54,898.42 1784.54,898.69
             1784.54,898.69 1784.54,898.69 1784.54,898.69
             1784.54,898.69 1784.54,898.69 1784.54,898.69
             1784.54,898.69 1784.54,898.69 1784.54,898.69
             1784.54,898.69 1784.54,898.69 1784.54,898.69
             1784.54,898.69 1784.54,898.69 1784.54,898.69
             1784.54,898.69 1784.54,898.69 1784.54,898.69
             1784.54,898.96 1784.54,898.96 1784.54,898.96
             1784.54,898.96 1784.54,898.96 1784.54,898.96
             1784.54,898.96 1784.54,898.96 1784.54,898.96
             1784.54,898.96 1784.54,899.23 1784.54,899.23
             1784.54,899.23 1784.54,899.23 1784.54,899.23
             1784.54,899.23 1784.54,899.23 1784.54,899.23
             1784.54,899.23 1784.54,899.23 1784.54,899.23
             1784.54,899.23 1784.54,899.23 1784.54,899.23
             1784.54,899.23 1784.54,899.23 1784.54,899.23
             1784.54,899.23 1784.54,899.23 1784.54,899.23
             1784.54,899.23 1784.54,899.23 1784.54,899.23
             1784.54,899.23 1784.54,899.23 1784.54,899.23
             1784.54,899.23 1784.54,899.50 1784.54,899.50
             1784.27,900.31 1782.11,899.77 1782.38,900.58
             1782.38,901.39 1784.27,900.04 1784.81,900.58
             1785.35,901.66 1784.00,903.01 1784.27,904.36
             1784.54,905.71 1786.16,906.52 1786.16,908.14
             1786.43,908.68 1784.54,908.41 1784.54,908.95
             1784.00,911.65 1786.43,914.62 1785.89,917.32
             1785.89,918.13 1784.00,918.13 1784.00,918.94
             1784.00,921.10 1788.60,924.62 1786.43,924.62
             1784.81,924.35 1783.73,920.29 1782.38,921.37
             1781.03,922.46 1784.27,924.62 1784.27,926.51
             1784.27,930.83 1777.52,932.72 1782.11,938.12
             1787.52,944.33 1784.54,937.85 1791.84,938.66
             1793.73,938.66 1794.27,941.36 1795.89,941.63
             1796.97,942.17 1798.06,940.28 1799.14,940.55
             1800.76,941.09 1801.03,943.25 1802.38,944.06
             1804.81,945.95 1812.38,950.55 1812.38,951.36
             1812.92,957.84 1809.68,957.30 1814.54,961.08
             1814.81,961.35 1815.35,961.08 1815.35,960.81
             1814.81,958.11 1811.30,948.11 1811.57,947.84
             1812.11,946.49 1814.27,944.60 1815.08,945.68
             1816.43,947.30 1814.81,949.74 1815.08,951.90
             1815.35,953.79 1815.89,955.68 1816.43,957.30
             1817.24,960.00 1816.97,964.59 1819.68,966.48
             1820.49,967.02 1821.84,964.32 1821.84,965.13
             1822.38,969.99 1819.14,970.80 1824.00,975.66
             1825.35,977.02 1827.51,977.02 1829.13,977.29
             1829.95,977.56 1831.03,976.75 1831.57,977.29
             1832.11,977.83 1834.27,983.77 1836.16,984.31
             1837.51,984.58 1838.59,983.23 1839.67,983.50
             1842.38,984.31 1855.08,991.60 1857.78,993.49
             1859.40,994.84 1860.48,997.00 1862.38,997.81
             1864.00,998.35 1865.35,997.00 1866.97,997.00
             1866.97,997.00 1866.97,997.00 1866.97,997.00
             1866.97,997.00 1866.97,997.00 1866.97,997.00
             1866.97,997.00 1866.97,997.00 1866.97,997.00
             1866.97,997.00 1866.97,997.00 1866.97,997.00
             1866.97,997.00 1866.97,997.00 1866.97,997.00
             1866.97,997.00 1866.97,997.00 1866.97,997.00
             1866.97,997.00 1867.24,997.00 1867.24,997.00
             1867.24,997.00 1867.24,997.00 1867.24,997.00
             1867.24,997.00 1867.24,997.00 1867.24,997.00
             1867.24,997.00 1867.24,997.00 1867.24,997.00
             1867.24,997.00 1867.24,997.00 1867.24,997.00
             1867.24,997.00 1867.24,997.00 1867.24,997.00
             1867.24,997.00 1867.24,997.00 1867.24,997.00
             1867.24,997.00 1867.24,997.00 1867.24,997.00
             1867.24,997.00 1867.24,997.00 1867.24,997.00
             1867.24,997.00 1867.24,997.00 1867.24,997.00
             1867.24,997.00 1867.24,997.00 1867.24,997.00
             1867.24,997.00 1867.24,997.00 1867.24,997.00
             1867.24,997.00 1867.24,997.00 1867.24,997.00
             1867.51,997.00 1867.51,997.00 1867.51,997.00
             1867.51,997.00 1867.51,997.00 1867.51,997.00
             1867.51,997.00 1867.51,997.00 1867.51,997.00
             1867.51,997.00 1867.51,997.00 1867.51,997.00
             1867.51,997.00 1867.51,997.00 1867.51,997.00
             1867.51,997.00 1867.51,997.00 1867.51,997.00
             1867.51,997.00 1867.51,997.00 1867.78,997.00
             1867.78,997.00 1867.78,997.00 1867.78,997.00
             1868.05,997.00 1868.32,997.27 1868.59,997.27
             1868.59,997.27 1868.59,998.08 1868.59,998.08
             1864.27,1013.48 1867.24,1005.11 1862.92,1016.72
             1862.11,1019.15 1864.00,1026.17 1863.19,1026.98
             1860.48,1029.95 1850.75,1034.82 1846.70,1031.85
             1840.49,1027.25 1855.35,1029.68 1839.67,1025.63
             1838.86,1025.36 1838.86,1027.25 1838.05,1027.25
             1837.51,1027.25 1831.30,1025.09 1829.68,1024.28
             1829.68,1024.28 1824.54,1022.12 1824.54,1022.12
             1824.54,1022.12 1824.27,1022.12 1824.27,1022.12M 1339.17,2.50
           C 1339.17,2.50 1335.12,2.50 1335.12,2.50
             1334.31,3.58 1333.50,4.93 1331.60,3.85
             1330.79,3.58 1330.25,3.04 1329.98,2.50
             1329.98,2.50 1313.50,2.50 1313.50,2.50
             1313.50,2.77 1313.50,3.04 1313.50,3.31
             1312.69,7.36 1304.58,8.71 1307.82,14.92
             1308.90,17.09 1310.25,18.98 1312.15,20.06
             1312.96,20.60 1314.04,18.98 1314.85,19.52
             1315.39,19.52 1314.58,20.60 1314.85,21.14
             1315.12,21.41 1316.47,20.60 1315.93,20.87
             1314.58,21.68 1312.96,21.41 1311.88,22.76
             1311.06,23.30 1308.90,30.59 1311.33,31.40
             1314.31,32.21 1317.55,26.81 1320.25,28.43
             1320.79,28.70 1320.52,29.78 1320.25,30.59
             1320.25,32.48 1318.63,34.64 1319.44,36.53
             1320.25,38.15 1323.77,37.34 1324.31,38.96
             1324.85,40.58 1321.87,41.93 1322.14,43.82
             1322.14,45.45 1323.77,46.53 1324.85,47.61
             1325.12,48.42 1327.28,48.96 1326.74,49.23
             1324.85,50.31 1321.87,49.23 1319.98,50.58
             1316.47,53.28 1323.50,62.46 1324.85,64.35
             1327.82,67.05 1338.63,77.05 1340.79,66.51
             1341.06,64.62 1336.20,62.46 1337.82,61.11
             1339.44,59.76 1340.79,64.08 1342.68,64.89
             1344.85,65.97 1348.36,66.51 1348.36,63.00
             1348.09,61.11 1346.47,59.22 1346.74,57.33
             1346.74,55.98 1347.55,60.03 1348.63,61.11
             1349.71,62.46 1351.06,63.27 1352.68,64.08
             1353.22,64.35 1354.30,64.89 1354.57,64.08
             1354.57,63.27 1354.57,62.19 1354.30,61.11
             1354.57,61.65 1354.85,62.19 1355.12,63.00
             1355.12,63.81 1354.03,65.16 1354.85,65.43
             1357.01,65.70 1359.44,65.43 1361.33,64.08
             1361.60,63.81 1361.60,63.54 1361.33,63.27
             1362.41,64.08 1365.93,62.19 1364.84,63.54
             1363.49,65.97 1357.28,67.05 1358.63,69.21
             1359.98,71.10 1363.22,69.75 1364.57,71.37
             1365.93,73.00 1363.76,75.97 1365.11,77.32
             1366.47,78.13 1367.28,74.89 1368.63,74.35
             1369.98,74.08 1371.06,75.43 1372.41,75.43
             1373.22,75.16 1374.57,74.62 1374.57,73.54
             1374.30,73.27 1373.22,72.73 1373.76,72.73
             1375.65,72.46 1385.65,73.54 1386.73,72.19
             1388.09,70.02 1381.87,66.24 1384.03,64.89
             1387.28,62.73 1393.76,62.19 1397.54,60.84
             1396.19,60.30 1394.84,60.30 1393.22,60.03
             1392.95,59.76 1392.14,60.57 1392.14,60.30
             1392.41,53.55 1412.41,55.71 1403.49,48.42
             1402.14,47.34 1396.73,49.23 1395.11,49.23
             1389.98,49.50 1385.11,47.61 1379.98,46.53
             1374.30,45.45 1365.11,40.31 1360.25,36.53
             1359.17,35.72 1358.63,34.10 1357.28,33.56
             1356.20,33.29 1355.12,35.45 1354.03,34.91
             1350.52,32.48 1352.14,27.62 1350.25,24.65
             1348.90,23.03 1347.01,22.49 1345.39,21.41
             1344.85,20.87 1344.58,19.25 1343.49,19.25
             1342.14,19.25 1340.79,22.22 1340.25,21.14
             1339.44,19.25 1341.87,17.63 1342.14,15.73
             1342.41,13.57 1342.41,11.41 1341.60,9.79
             1341.06,8.71 1339.71,8.17 1338.63,8.17
             1337.01,8.44 1335.39,11.41 1334.58,10.06
             1332.14,6.28 1344.85,6.82 1339.17,2.50M 1421.60,43.82
           C 1423.49,41.66 1431.60,46.80 1433.22,46.80
             1437.27,47.07 1453.49,43.28 1453.49,51.39
             1453.49,53.28 1447.00,58.95 1445.92,59.22
             1443.76,59.22 1442.41,55.98 1440.24,55.98
             1438.35,56.25 1437.54,58.68 1436.19,60.03
             1435.11,59.76 1422.95,57.33 1422.41,54.90
             1422.14,53.28 1426.19,53.01 1425.38,51.93
             1424.84,50.58 1422.41,52.74 1421.06,51.93
             1420.25,51.66 1422.14,50.85 1422.14,50.04
             1422.14,47.88 1420.25,45.45 1421.60,43.82 Z
           M 1361.33,144.30
           C 1366.20,144.57 1368.90,143.76 1372.68,147.00
             1373.49,147.81 1374.57,151.32 1374.30,152.67
             1373.49,154.30 1373.22,147.81 1371.60,147.81
             1369.71,148.08 1371.87,159.16 1371.87,159.43
             1371.87,162.94 1368.90,168.34 1366.20,170.77
             1365.66,171.04 1365.11,169.96 1364.57,170.23
             1358.36,172.66 1356.20,169.15 1352.68,163.75
             1346.74,152.94 1346.74,143.49 1361.33,144.30 Z" />
</svg>
