<?xml version="1.0" encoding="UTF-8" standalone="no"?>
<!DOCTYPE svg PUBLIC "-//W3C//DTD SVG 20010904//EN"
              "http://www.w3.org/TR/2001/REC-SVG-20010904/DTD/svg10.dtd">

<svg xmlns="http://www.w3.org/2000/svg"
     width="22.2222in" height="16.6667in"
     viewBox="0 0 2000 1500">
  <path id="ru-kaliningrad"
        fill="none" stroke="black" stroke-width="1"
        d="M 1155.94,797.94
           C 1150.00,789.84 1155.67,782.54 1154.05,779.84
             1153.24,778.76 1152.16,777.95 1151.08,777.41
             1150.54,777.14 1149.73,777.95 1149.45,777.68
             1148.37,776.87 1148.91,774.71 1147.83,774.44
             1144.05,773.36 1140.27,776.87 1136.21,776.87
             1135.67,776.87 1136.48,776.06 1135.94,775.79
             1132.43,774.71 1127.02,774.98 1123.78,773.09
             1122.97,772.55 1122.97,771.20 1122.16,770.93
             1121.35,770.93 1121.08,772.01 1120.27,772.28
             1120.54,773.09 1120.54,773.63 1120.27,774.17
             1120.00,774.71 1118.65,773.90 1118.65,774.44
             1118.38,777.41 1122.16,780.11 1121.35,783.08
             1120.54,786.60 1106.21,786.33 1106.76,784.71
             1107.03,784.16 1107.30,783.62 1107.57,783.08
             1104.59,786.33 1101.35,785.79 1097.03,786.87
             1096.49,786.87 1095.68,786.60 1095.68,787.14
             1095.40,789.30 1096.49,791.46 1096.49,793.62
             1096.49,797.40 1094.59,801.45 1091.35,804.69
             1106.76,806.85 1143.24,805.50 1155.67,798.21
             1155.67,798.21 1155.67,798.21 1155.94,797.94" />
</svg>
