<?xml version="1.0" encoding="UTF-8" standalone="no"?>
<!DOCTYPE svg PUBLIC "-//W3C//DTD SVG 20010904//EN"
              "http://www.w3.org/TR/2001/REC-SVG-20010904/DTD/svg10.dtd">

<svg xmlns="http://www.w3.org/2000/svg"
     width="22.2222in" height="16.6667in"
     viewBox="0 0 2000 1500">
  <path id="me"
        fill="none" stroke="black" stroke-width="1"
        d="M 1115.40,1229.57
           C 1115.40,1229.57 1115.94,1231.46 1115.94,1231.46
             1117.30,1231.73 1118.38,1231.73 1119.73,1231.73
             1119.19,1232.27 1118.65,1232.81 1118.92,1233.62
             1122.70,1241.99 1123.51,1234.16 1127.30,1236.05
             1128.11,1236.59 1127.57,1237.67 1128.11,1238.48
             1130.27,1241.18 1132.97,1240.64 1134.86,1243.61
             1135.40,1244.42 1134.86,1246.04 1135.67,1246.85
             1137.29,1248.47 1139.46,1249.28 1141.62,1249.81
             1141.62,1247.93 1141.62,1246.04 1141.62,1244.42
             1141.62,1243.34 1142.16,1241.99 1141.62,1240.91
             1140.81,1239.56 1138.38,1239.56 1138.11,1238.21
             1138.11,1237.94 1146.75,1220.39 1147.56,1219.85
             1147.83,1219.58 1149.19,1226.33 1151.35,1226.60
             1151.35,1226.60 1157.56,1221.88 1157.56,1221.88
             1157.00,1219.04 1157.56,1219.19 1156.60,1216.45
             1155.96,1214.61 1158.13,1215.67 1159.60,1214.45
             1160.25,1213.92 1159.93,1213.09 1159.07,1212.12
             1158.21,1211.12 1164.64,1211.06 1163.15,1209.92
             1160.18,1207.65 1156.56,1203.79 1153.68,1202.45
             1151.81,1201.59 1154.15,1197.90 1152.33,1196.12
             1148.93,1192.77 1140.68,1190.74 1138.11,1189.08
             1137.02,1189.89 1135.67,1187.19 1134.32,1187.73
             1132.70,1188.27 1132.43,1190.43 1131.35,1191.78
             1129.46,1192.32 1124.32,1191.24 1124.05,1192.59
             1123.24,1196.37 1130.00,1196.64 1127.84,1202.31
             1127.84,1202.31 1126.75,1202.31 1126.75,1202.31
             1126.75,1202.31 1127.84,1202.31 1127.84,1202.31
             1125.13,1200.42 1125.13,1198.53 1122.16,1198.80
             1122.16,1198.80 1122.70,1197.99 1122.70,1197.99
             1122.70,1197.99 1122.16,1198.80 1122.16,1198.80
             1118.38,1203.12 1118.92,1209.33 1117.84,1210.68
             1115.67,1213.37 1114.86,1209.33 1114.05,1213.37
             1112.70,1221.20 1121.08,1221.47 1114.86,1227.41
             1114.86,1227.41 1116.21,1227.14 1116.21,1227.14
             1116.21,1227.14 1116.49,1231.46 1116.49,1231.46
             1116.21,1230.65 1115.94,1230.11 1115.40,1229.57 Z" />
</svg>
