<?xml version="1.0" encoding="UTF-8" standalone="no"?>
<!DOCTYPE svg PUBLIC "-//W3C//DTD SVG 20010904//EN"
              "http://www.w3.org/TR/2001/REC-SVG-20010904/DTD/svg10.dtd">

<svg xmlns="http://www.w3.org/2000/svg"
     width="22.2222in" height="16.6667in"
     viewBox="0 0 2000 1500">
  <path id="sr"
        fill="none" stroke="black" stroke-width="1"
        d="M 1157.02,1222.01
           C 1161.35,1222.01 1160.54,1228.76 1162.97,1230.11
             1163.78,1230.65 1164.59,1229.57 1165.67,1229.84
             1167.56,1230.38 1169.45,1231.19 1170.81,1232.54
             1174.32,1236.32 1173.78,1240.37 1172.97,1244.15
             1172.97,1244.15 1172.97,1244.15 1172.97,1244.15
             1172.97,1244.15 1173.78,1244.15 1173.78,1244.15
             1180.53,1248.74 1176.75,1237.40 1178.37,1236.32
             1181.35,1234.43 1184.59,1232.00 1188.10,1231.73
             1189.45,1231.73 1191.88,1234.97 1192.43,1233.62
             1192.70,1232.54 1191.61,1231.46 1191.88,1230.65
             1194.32,1224.71 1196.48,1228.22 1201.61,1227.41
             1205.94,1226.60 1214.59,1218.23 1218.10,1221.47
             1219.45,1219.04 1223.23,1218.50 1221.88,1214.99
             1221.61,1213.91 1220.80,1213.37 1219.99,1212.84
             1219.45,1212.57 1218.64,1213.11 1218.37,1212.57
             1218.10,1211.22 1218.37,1209.87 1218.37,1208.52
             1218.10,1206.90 1216.21,1205.28 1217.02,1203.93
             1224.86,1190.97 1215.94,1206.90 1224.59,1200.15
             1225.40,1199.34 1231.07,1189.35 1229.45,1187.73
             1227.29,1186.11 1217.02,1181.25 1216.48,1180.71
             1213.23,1178.01 1208.10,1166.68 1209.99,1162.63
             1210.80,1160.74 1213.78,1161.01 1214.86,1159.39
             1215.67,1157.50 1214.59,1155.07 1215.40,1153.18
             1211.61,1151.56 1208.10,1149.13 1208.64,1145.35
             1208.91,1142.92 1217.83,1142.65 1215.13,1141.30
             1186.48,1127.00 1212.15,1139.96 1200.53,1146.70
             1198.64,1148.05 1197.56,1143.19 1195.67,1142.38
             1194.32,1141.57 1192.43,1142.38 1191.07,1142.38
             1189.45,1142.38 1187.83,1143.19 1186.21,1142.65
             1185.40,1142.11 1185.94,1140.76 1185.40,1139.69
             1184.05,1136.99 1172.43,1141.30 1178.91,1136.72
             1180.53,1135.64 1184.59,1134.56 1183.24,1133.48
             1181.89,1132.67 1179.18,1133.48 1178.64,1131.86
             1178.37,1130.24 1184.05,1127.27 1180.26,1125.11
             1175.13,1122.14 1164.86,1123.49 1161.35,1117.28
             1160.54,1115.93 1160.54,1109.45 1160.54,1107.83
             1160.54,1107.56 1160.54,1107.29 1160.54,1107.29
             1159.73,1107.56 1159.18,1109.18 1158.64,1108.64
             1156.75,1107.56 1156.48,1104.59 1154.86,1103.25
             1153.24,1102.17 1150.81,1102.44 1149.19,1101.09
             1147.56,1100.28 1146.75,1098.39 1145.67,1097.04
             1144.32,1097.04 1142.97,1095.69 1141.62,1095.69
             1141.35,1095.69 1134.32,1097.85 1134.05,1097.85
             1129.46,1097.58 1134.59,1093.53 1128.38,1097.58
             1125.40,1099.20 1123.78,1102.44 1121.35,1104.32
             1118.92,1106.21 1117.84,1103.51 1117.03,1104.32
             1113.51,1108.37 1113.24,1108.64 1111.08,1108.64
             1111.08,1108.64 1111.35,1109.18 1111.35,1109.18
             1115.94,1115.66 1114.86,1114.04 1114.32,1120.25
             1114.32,1122.95 1120.00,1119.44 1119.73,1122.41
             1119.46,1124.03 1117.57,1122.41 1117.30,1122.68
             1115.67,1124.30 1118.38,1124.84 1118.38,1125.65
             1118.38,1125.92 1115.94,1126.46 1117.30,1127.54
             1120.54,1129.70 1124.86,1130.78 1128.65,1130.78
             1129.46,1136.18 1122.70,1130.78 1122.43,1132.13
             1122.16,1135.64 1119.73,1136.99 1123.24,1140.49
             1123.51,1140.76 1123.51,1141.30 1123.24,1141.57
             1122.16,1143.46 1118.11,1142.11 1120.54,1144.81
             1123.24,1144.00 1125.40,1142.38 1128.38,1142.65
             1128.38,1151.02 1123.51,1156.69 1124.32,1161.82
             1125.40,1167.76 1127.02,1163.44 1130.81,1165.06
             1133.24,1166.14 1133.78,1169.65 1136.21,1171.00
             1137.02,1171.27 1139.73,1170.46 1138.92,1172.89
             1137.29,1178.28 1130.54,1172.35 1129.19,1174.24
             1129.19,1174.24 1141.35,1185.57 1138.11,1189.08
             1144.46,1192.39 1141.27,1191.11 1151.18,1195.28
             1154.54,1196.36 1151.40,1202.11 1154.38,1203.29
             1159.09,1205.16 1159.06,1207.57 1162.28,1209.27
             1165.29,1210.86 1157.64,1211.15 1159.52,1212.49
             1162.63,1214.70 1157.08,1214.52 1156.53,1215.96
             1159.16,1225.80 1157.37,1220.53 1157.02,1222.01 Z" />
</svg>
