<?xml version="1.0" encoding="UTF-8" standalone="no"?>
<!DOCTYPE svg PUBLIC "-//W3C//DTD SVG 20010904//EN"
              "http://www.w3.org/TR/2001/REC-SVG-20010904/DTD/svg10.dtd">

<svg xmlns="http://www.w3.org/2000/svg"
     width="22.2222in" height="16.6667in"
     viewBox="0 0 2000 1500">
  <path id="tr asia"
        fill="none" stroke="black" stroke-width="1"
        d="M 1789.68,1231.18
           C 1790.22,1230.64 1791.03,1229.83 1791.57,1229.02
             1792.65,1227.94 1793.73,1227.40 1794.27,1226.05
             1794.81,1224.70 1794.54,1217.67 1796.16,1217.40
             1798.06,1216.86 1799.95,1218.21 1801.57,1217.40
             1803.19,1216.59 1803.73,1213.62 1805.62,1212.81
             1809.68,1210.65 1823.19,1213.35 1826.97,1208.49
             1831.03,1203.36 1824.81,1204.44 1831.03,1202.55
             1839.13,1200.12 1834.54,1208.49 1839.13,1211.73
             1841.02,1212.81 1843.19,1202.28 1845.89,1200.12
             1847.24,1199.31 1851.29,1199.85 1850.48,1198.50
             1844.54,1189.31 1849.13,1197.69 1841.57,1192.55
             1837.51,1189.85 1838.32,1183.91 1838.05,1183.10
             1837.51,1182.29 1829.67,1181.21 1828.86,1181.21
             1827.78,1181.21 1825.62,1183.64 1825.35,1182.29
             1824.54,1178.78 1825.62,1173.38 1825.89,1169.60
             1825.89,1168.25 1826.43,1166.62 1826.16,1165.27
             1823.73,1158.79 1822.11,1168.25 1819.67,1163.92
             1819.67,1163.38 1813.19,1150.15 1813.19,1150.15
             1809.95,1148.80 1811.84,1154.74 1808.32,1147.18
             1807.78,1145.83 1808.32,1143.67 1807.78,1142.32
             1806.43,1139.61 1801.30,1139.34 1799.68,1136.37
             1798.06,1133.67 1807.78,1134.48 1808.32,1129.89
             1808.86,1122.87 1798.06,1113.96 1814.27,1118.01
             1814.27,1118.01 1814.81,1117.47 1814.81,1117.47
             1811.57,1115.85 1806.87,1113.89 1804.45,1113.03
             1793.78,1109.18 1790.95,1117.20 1779.68,1117.43
             1778.87,1117.43 1781.03,1115.58 1780.49,1115.04
             1779.41,1113.15 1776.98,1112.60 1775.35,1110.98
             1772.38,1107.74 1774.81,1101.53 1774.00,1097.75
             1772.38,1090.73 1764.00,1091.27 1761.84,1089.38
             1761.03,1088.57 1761.30,1086.95 1760.49,1086.14
             1759.68,1085.32 1758.60,1085.05 1757.79,1085.32
             1756.44,1085.87 1755.63,1087.49 1754.27,1087.76
             1753.46,1087.76 1753.46,1086.14 1752.65,1085.87
             1751.84,1085.87 1751.03,1087.76 1750.76,1086.95
             1750.22,1086.14 1751.84,1085.32 1751.84,1084.24
             1752.11,1082.35 1748.06,1083.43 1746.17,1082.89
             1744.55,1082.62 1743.19,1081.54 1741.57,1081.54
             1741.03,1081.54 1741.57,1082.89 1741.30,1083.16
             1736.71,1084.24 1740.49,1080.46 1739.14,1079.38
             1738.33,1078.84 1737.52,1080.19 1736.71,1080.73
             1735.63,1081.27 1733.74,1081.27 1733.19,1082.35
             1732.38,1083.97 1734.01,1086.14 1733.19,1087.76
             1732.38,1088.84 1730.76,1088.57 1729.68,1088.84
             1726.17,1089.92 1721.84,1089.65 1718.87,1092.08
             1717.79,1092.89 1718.60,1095.05 1717.25,1096.13
             1716.17,1096.94 1714.55,1096.40 1713.20,1096.40
             1711.85,1096.40 1710.49,1096.67 1708.87,1096.67
             1708.87,1096.67 1708.33,1096.67 1708.33,1096.67
             1706.71,1103.15 1704.82,1108.28 1699.14,1113.69
             1698.33,1114.50 1696.98,1114.23 1696.44,1115.04
             1692.93,1119.09 1688.87,1129.62 1683.47,1132.05
             1682.12,1132.59 1680.23,1130.97 1678.87,1131.24
             1677.79,1131.51 1677.52,1133.40 1676.44,1133.67
             1675.36,1133.94 1674.28,1133.13 1673.20,1133.13
             1672.12,1133.40 1671.31,1134.75 1669.96,1134.48
             1669.69,1134.48 1664.55,1131.78 1662.93,1133.13
             1661.58,1134.21 1661.58,1136.10 1660.50,1136.91
             1659.42,1137.45 1658.07,1136.37 1656.98,1136.91
             1655.90,1137.72 1655.90,1139.07 1654.82,1139.88
             1653.20,1141.24 1650.77,1141.51 1649.15,1142.86
             1646.44,1145.29 1646.17,1147.18 1643.20,1149.34
             1639.69,1152.04 1631.04,1153.39 1626.99,1153.39
             1617.26,1153.39 1628.07,1152.31 1622.39,1150.15
             1619.15,1149.07 1618.34,1155.01 1617.26,1155.55
             1615.37,1156.36 1612.93,1155.28 1610.77,1155.01
             1610.50,1154.74 1610.50,1153.93 1609.96,1153.93
             1607.80,1154.20 1605.91,1156.09 1603.47,1155.82
             1602.66,1155.82 1602.93,1153.66 1602.12,1153.12
             1600.77,1152.31 1598.88,1151.50 1596.99,1151.50
             1586.45,1151.77 1591.58,1162.30 1581.04,1157.71
             1577.80,1156.09 1576.18,1147.72 1572.67,1148.26
             1571.32,1148.26 1571.32,1151.50 1569.96,1150.96
             1568.88,1150.69 1571.04,1147.45 1569.69,1147.45
             1566.99,1147.72 1562.67,1157.71 1553.21,1154.20
             1543.21,1150.42 1548.88,1145.29 1548.34,1144.75
             1546.99,1143.13 1544.56,1144.21 1542.67,1144.21
             1541.86,1144.21 1541.05,1143.67 1540.78,1144.21
             1539.97,1145.56 1540.51,1147.72 1539.43,1149.07
             1536.45,1154.47 1508.35,1158.25 1501.32,1161.22
             1498.08,1162.30 1495.37,1166.62 1492.94,1168.79
             1490.78,1170.95 1487.00,1171.76 1484.56,1173.38
             1477.81,1178.78 1473.21,1187.15 1467.00,1193.90
             1465.38,1195.80 1462.67,1198.77 1460.78,1200.12
             1460.51,1200.39 1459.16,1200.12 1459.16,1200.66
             1458.08,1206.06 1462.13,1206.06 1457.00,1209.84
             1456.46,1210.38 1455.11,1209.84 1454.30,1210.11
             1447.81,1212.54 1452.95,1213.35 1444.57,1213.62
             1441.59,1213.62 1434.03,1211.46 1431.33,1212.54
             1430.51,1212.81 1430.78,1214.16 1429.97,1214.70
             1427.00,1217.40 1421.60,1218.48 1417.81,1218.75
             1413.22,1219.29 1402.68,1219.56 1402.41,1220.10
             1399.61,1226.66 1399.19,1230.57 1407.00,1231.72
             1407.54,1231.72 1408.35,1231.72 1408.62,1232.26
             1408.89,1233.07 1407.54,1234.15 1408.08,1234.42
             1408.89,1234.69 1409.44,1233.07 1410.25,1233.07
             1410.79,1233.34 1410.52,1234.69 1411.06,1234.69
             1416.19,1235.23 1420.79,1230.10 1426.19,1230.64
             1430.78,1230.91 1418.08,1236.04 1417.00,1236.31
             1416.19,1236.31 1416.19,1234.42 1415.65,1234.69
             1415.11,1234.96 1399.44,1244.95 1398.35,1246.03
             1394.57,1251.17 1412.14,1243.06 1407.00,1250.63
             1405.92,1251.98 1395.11,1252.79 1391.33,1253.33
             1384.03,1254.41 1377.82,1259.00 1377.55,1258.73
             1376.46,1257.38 1380.25,1254.68 1378.90,1253.60
             1377.28,1252.25 1374.57,1253.60 1372.41,1253.87
             1372.14,1254.14 1372.41,1254.68 1372.14,1254.68
             1371.60,1254.68 1370.79,1253.33 1371.06,1253.87
             1371.87,1255.22 1374.57,1256.03 1374.30,1257.92
             1373.49,1260.62 1370.25,1262.24 1367.55,1263.05
             1361.87,1265.21 1360.52,1259.27 1359.17,1259.00
             1355.66,1258.46 1354.03,1263.32 1351.33,1263.86
             1344.30,1263.42 1343.95,1267.78 1340.79,1272.50
             1339.98,1273.31 1338.63,1272.77 1338.09,1273.58
             1337.55,1274.66 1338.36,1275.74 1338.36,1276.55
             1338.09,1277.91 1338.09,1279.53 1337.28,1280.61
             1335.66,1282.23 1332.68,1280.88 1332.68,1283.85
             1332.95,1288.17 1335.12,1290.33 1335.12,1293.57
             1335.39,1294.65 1331.87,1300.86 1335.93,1301.40
             1336.47,1301.40 1353.22,1293.30 1355.11,1292.76
             1355.66,1292.49 1356.74,1291.95 1356.47,1292.49
             1355.66,1295.46 1353.22,1301.13 1351.33,1303.83
             1351.06,1304.37 1348.63,1303.56 1350.25,1304.64
             1351.87,1306.00 1358.09,1306.00 1358.90,1310.05
             1358.90,1311.40 1356.20,1313.29 1357.28,1314.64
             1358.09,1315.18 1366.47,1312.21 1365.11,1315.72
             1363.76,1319.77 1355.66,1323.01 1357.28,1325.44
             1358.90,1327.87 1363.49,1331.65 1364.03,1331.11
             1365.11,1330.30 1366.47,1329.76 1367.55,1329.49
             1368.63,1329.22 1371.06,1328.41 1371.06,1329.49
             1370.79,1330.03 1362.68,1335.17 1361.60,1335.17
             1360.25,1335.44 1359.44,1332.19 1358.36,1333.01
             1357.01,1334.09 1360.25,1338.14 1358.90,1337.60
             1358.36,1337.60 1353.76,1327.33 1352.14,1326.52
             1351.33,1325.98 1349.44,1325.71 1348.90,1326.79
             1348.09,1328.41 1349.44,1330.57 1349.71,1332.47
             1349.71,1333.28 1348.90,1334.09 1349.44,1334.36
             1350.79,1334.90 1353.76,1333.55 1353.49,1334.63
             1352.95,1336.79 1350.52,1337.87 1348.63,1338.95
             1348.09,1338.95 1347.55,1337.33 1347.28,1337.87
             1347.01,1338.41 1348.36,1338.95 1348.09,1339.49
             1348.09,1340.30 1345.93,1341.11 1346.74,1341.65
             1348.36,1342.73 1350.52,1341.65 1352.41,1342.19
             1352.95,1342.19 1357.28,1345.70 1357.82,1345.16
             1359.44,1343.81 1359.71,1341.11 1361.60,1340.03
             1363.76,1338.95 1363.49,1344.89 1365.65,1345.70
             1366.74,1345.97 1367.55,1343.81 1368.63,1343.81
             1369.98,1343.81 1377.28,1345.97 1377.28,1345.97
             1377.55,1346.51 1379.17,1352.99 1378.09,1354.34
             1376.46,1355.96 1369.98,1357.31 1372.14,1358.12
             1374.30,1358.66 1376.73,1357.85 1378.63,1358.93
             1380.79,1360.56 1377.01,1366.77 1379.71,1367.04
             1382.14,1367.31 1383.22,1363.26 1385.38,1363.26
             1387.54,1363.53 1388.36,1366.50 1390.25,1367.58
             1390.79,1367.85 1391.87,1366.50 1391.87,1367.04
             1395.92,1380.27 1372.68,1366.50 1382.95,1377.84
             1384.30,1379.19 1386.46,1376.49 1388.09,1376.49
             1390.79,1376.49 1389.71,1379.46 1392.68,1377.84
             1393.22,1377.57 1392.14,1376.76 1392.41,1376.76
             1394.30,1375.68 1396.46,1376.76 1398.35,1375.95
             1400.52,1374.87 1405.65,1372.44 1407.00,1371.90
             1409.16,1371.09 1412.14,1368.39 1413.49,1370.28
             1418.62,1376.76 1405.65,1374.33 1405.65,1376.49
             1405.65,1378.11 1408.35,1379.73 1407.27,1380.81
             1405.65,1382.43 1402.95,1380.81 1400.79,1381.35
             1396.46,1382.43 1392.68,1385.94 1389.17,1388.38
             1387.82,1389.46 1392.68,1387.84 1394.30,1387.57
             1395.65,1387.57 1397.00,1388.65 1397.81,1388.11
             1398.90,1387.30 1397.54,1385.13 1398.63,1384.32
             1400.25,1383.24 1402.41,1383.78 1404.30,1383.51
             1409.98,1381.89 1409.16,1379.19 1409.44,1379.73
             1412.95,1387.57 1409.16,1385.13 1406.73,1387.57
             1406.19,1388.11 1408.35,1388.92 1408.89,1388.38
             1409.44,1387.57 1417.27,1378.65 1417.27,1378.38
             1418.08,1377.03 1417.27,1374.87 1418.35,1374.33
             1425.38,1371.09 1422.14,1378.11 1424.03,1379.73
             1425.65,1380.81 1428.35,1380.27 1430.24,1381.08
             1430.78,1381.08 1430.78,1382.43 1431.06,1382.16
             1433.76,1379.73 1428.62,1376.22 1432.41,1375.68
             1439.97,1374.33 1439.43,1386.48 1439.97,1387.02
             1445.65,1391.08 1449.97,1388.92 1455.92,1389.46
             1456.73,1389.46 1457.00,1391.89 1458.35,1391.62
             1460.78,1391.35 1469.70,1382.70 1470.24,1382.43
             1471.59,1380.81 1475.65,1380.27 1477.27,1381.08
             1477.81,1381.35 1477.27,1383.78 1477.81,1383.24
             1479.16,1381.89 1479.97,1379.73 1479.97,1377.84
             1479.97,1376.76 1478.08,1376.76 1478.08,1375.95
             1477.81,1374.33 1479.16,1372.71 1479.70,1371.09
             1480.78,1367.85 1475.38,1363.53 1478.35,1359.47
             1479.43,1358.12 1492.40,1355.69 1494.56,1355.42
             1495.37,1355.42 1518.89,1357.85 1519.43,1358.12
             1529.97,1361.10 1528.08,1368.93 1542.13,1370.01
             1549.15,1370.55 1543.21,1368.66 1548.88,1365.42
             1550.24,1364.61 1552.13,1365.96 1553.48,1365.15
             1554.29,1364.61 1553.48,1362.99 1554.02,1362.45
             1555.91,1361.10 1564.29,1360.02 1565.37,1359.47
             1566.45,1358.66 1566.72,1356.77 1567.80,1355.96
             1568.61,1355.69 1568.61,1357.58 1569.42,1357.31
             1569.69,1357.31 1572.40,1349.21 1572.94,1349.48
             1574.29,1349.48 1574.83,1352.45 1576.18,1351.91
             1581.58,1350.29 1577.26,1347.05 1577.53,1344.62
             1578.34,1339.49 1584.29,1331.92 1586.99,1327.87
             1592.39,1320.58 1608.34,1329.76 1610.23,1328.41
             1611.85,1327.06 1612.39,1324.90 1614.01,1323.82
             1614.56,1323.28 1622.12,1324.90 1618.34,1318.96
             1617.80,1318.15 1615.91,1322.74 1616.18,1321.66
             1616.72,1320.31 1619.42,1319.50 1618.61,1318.42
             1618.07,1317.34 1616.45,1320.04 1615.10,1319.77
             1614.28,1319.50 1615.91,1318.42 1616.72,1317.88
             1617.80,1316.80 1619.69,1316.26 1620.77,1315.18
             1622.39,1313.02 1621.85,1308.70 1624.55,1308.16
             1628.34,1307.08 1632.12,1312.75 1632.93,1315.72
             1633.20,1317.07 1624.01,1329.22 1624.82,1331.11
             1626.45,1334.63 1632.93,1335.44 1633.47,1339.76
             1633.74,1340.57 1633.20,1341.65 1632.39,1342.73
             1632.39,1342.73 1632.39,1342.73 1632.39,1342.73
             1634.28,1341.92 1639.42,1345.43 1640.50,1344.08
             1641.85,1342.73 1639.69,1340.30 1640.23,1338.41
             1640.77,1337.06 1643.20,1336.79 1643.74,1335.44
             1643.74,1335.44 1642.12,1328.41 1642.12,1328.41
             1642.12,1327.87 1649.96,1325.17 1650.50,1324.63
             1651.04,1323.82 1646.17,1320.85 1645.63,1320.31
             1643.47,1317.61 1641.31,1307.89 1642.93,1304.91
             1643.47,1304.10 1653.47,1303.83 1654.55,1304.91
             1654.82,1305.19 1653.20,1309.78 1656.44,1307.89
             1657.25,1307.35 1656.71,1306.00 1657.25,1305.73
             1659.96,1304.10 1663.47,1304.91 1666.17,1303.29
             1673.74,1299.51 1678.06,1285.20 1688.06,1284.39
             1691.85,1284.12 1695.63,1287.36 1699.68,1287.36
             1707.52,1287.36 1716.44,1280.61 1722.93,1276.55
             1733.47,1269.80 1738.33,1257.38 1748.33,1250.08
             1754.54,1245.76 1763.46,1244.95 1769.95,1240.63
             1772.92,1238.74 1778.60,1235.50 1780.49,1231.99
             1781.57,1230.10 1782.38,1222.81 1787.24,1227.67
             1788.33,1228.48 1789.14,1229.83 1789.68,1231.18 Z" />
</svg>
