<?xml version="1.0" encoding="UTF-8" standalone="no"?>
<!DOCTYPE svg PUBLIC "-//W3C//DTD SVG 20010904//EN"
              "http://www.w3.org/TR/2001/REC-SVG-20010904/DTD/svg10.dtd">

<svg xmlns="http://www.w3.org/2000/svg"
     width="22.2222in" height="16.6667in"
     viewBox="0 0 2000 1500">
  <path id="tr"
        fill="none" stroke="black" stroke-width="1"
        d="M 1367.01,1202.01
           C 1367.01,1202.01 1366.47,1202.01 1366.47,1202.01
             1364.84,1202.28 1363.22,1202.01 1361.60,1202.55
             1359.44,1203.36 1357.82,1205.25 1355.93,1206.60
             1355.39,1206.87 1355.93,1207.95 1355.66,1207.68
             1349.44,1206.33 1347.55,1201.47 1341.33,1204.71
             1341.33,1204.71 1336.74,1209.84 1336.74,1209.84
             1334.85,1210.65 1332.41,1209.30 1331.06,1210.65
             1329.44,1212.00 1331.06,1214.70 1329.98,1216.32
             1328.36,1218.21 1322.96,1217.40 1325.39,1221.45
             1331.33,1222.81 1339.44,1228.48 1335.39,1233.34
             1332.41,1236.58 1329.44,1234.96 1328.36,1240.36
             1328.36,1240.36 1330.52,1248.19 1330.52,1248.19
             1330.25,1250.08 1326.47,1256.30 1324.58,1257.38
             1324.58,1257.38 1324.31,1260.35 1324.31,1260.35
             1324.85,1260.89 1325.93,1261.16 1327.28,1261.70
             1331.33,1263.05 1347.28,1251.98 1346.20,1257.38
             1345.66,1261.16 1332.41,1266.56 1331.87,1270.88
             1331.87,1271.69 1333.49,1271.96 1333.77,1272.77
             1334.04,1273.58 1334.04,1274.39 1333.77,1275.20
             1333.49,1276.82 1331.60,1281.42 1332.95,1280.34
             1338.09,1276.01 1339.17,1268.99 1343.49,1263.32
             1347.28,1257.92 1354.30,1256.84 1357.82,1250.90
             1358.90,1249.00 1359.98,1246.84 1360.79,1244.68
             1361.06,1243.06 1359.98,1241.17 1361.06,1239.82
             1365.65,1233.88 1367.55,1239.28 1372.95,1237.39
             1373.76,1237.12 1373.22,1235.50 1374.03,1234.69
             1375.65,1233.34 1377.28,1232.26 1379.44,1231.72
             1385.65,1229.56 1388.63,1236.31 1387.27,1229.56
             1386.73,1228.21 1388.36,1233.34 1389.71,1233.07
             1391.87,1232.80 1398.63,1231.45 1399.44,1229.29
             1400.25,1227.67 1399.17,1225.78 1399.71,1223.89
             1399.71,1222.81 1401.87,1220.91 1400.52,1220.37
             1394.84,1218.48 1381.87,1220.64 1374.84,1216.32
             1364.30,1209.84 1368.63,1206.33 1367.01,1202.01 Z" />
</svg>
