<?xml version="1.0" encoding="UTF-8" standalone="no"?>
<!DOCTYPE svg PUBLIC "-//W3C//DTD SVG 20010904//EN"
              "http://www.w3.org/TR/2001/REC-SVG-20010904/DTD/svg10.dtd">

<svg xmlns="http://www.w3.org/2000/svg"
     width="22.2222in" height="16.6667in"
     viewBox="0 0 2000 1500">
  <path id="no"
        fill="none" stroke="black" stroke-width="1"
        d="M 1028.65,291.51
           C 1028.65,291.51 1028.65,291.51 1028.65,291.51M 995.14,2.52
           C 994.06,4.95 993.25,7.92 991.36,7.11
             990.82,6.57 990.55,4.68 990.82,2.52M 1031.36,292.32
           C 1031.63,292.32 1031.63,292.32 1031.63,292.59M 1075.41,338.50
           C 1075.41,338.50 1075.14,338.50 1075.14,338.50M 1075.14,338.77
           C 1075.14,338.77 1075.14,338.77 1075.14,338.77M 1146.48,236.41
           C 1148.10,238.57 1151.89,243.70 1148.64,244.78
             1145.40,245.86 1137.02,241.54 1139.73,243.97
             1144.86,248.29 1134.59,254.50 1133.24,257.74
             1133.24,258.01 1136.48,269.63 1132.70,268.28
             1122.43,264.23 1134.59,257.47 1131.08,251.53
             1125.67,242.08 1117.29,245.59 1110.27,238.03
             1110.27,238.03 1110.00,236.68 1110.00,236.68
             1109.73,236.68 1109.46,236.68 1109.19,236.95
             1109.19,236.68 1108.92,236.68 1108.92,236.41
             1108.92,236.41 1108.92,236.95 1108.92,236.95
             1103.51,238.03 1104.59,244.24 1100.00,245.59
             1095.94,246.67 1097.57,241.00 1092.97,246.13
             1092.43,246.94 1092.97,248.29 1092.70,249.37
             1092.43,249.64 1089.46,255.31 1089.46,255.58
             1088.65,257.74 1090.27,264.77 1090.54,266.66
             1090.54,267.47 1090.00,268.01 1090.00,268.82
             1090.00,270.44 1090.27,271.79 1090.54,273.41
             1091.35,275.57 1093.24,277.19 1093.51,279.35
             1094.86,288.80 1092.43,282.32 1089.19,285.29
             1085.41,289.07 1088.92,290.15 1087.84,294.75
             1087.57,295.83 1086.49,296.37 1086.22,297.45
             1086.22,297.72 1082.70,294.48 1082.16,294.21
             1081.35,293.67 1071.35,290.15 1070.54,291.24
             1069.46,292.32 1070.27,294.48 1069.46,295.56
             1066.22,301.23 1061.89,297.72 1057.30,298.53
             1055.95,298.53 1054.06,299.88 1052.98,299.07
             1051.62,297.99 1052.16,295.83 1051.35,294.48
             1049.46,291.24 1043.25,282.86 1040.00,280.97
             1029.19,274.76 1034.06,290.97 1034.06,290.97
             1032.44,291.24 1031.08,289.34 1029.46,289.34
             1028.65,289.34 1027.30,290.15 1027.57,290.70
             1027.84,290.97 1028.11,291.24 1028.38,291.24
             1028.38,291.24 1027.84,291.24 1027.84,291.24
             1025.68,291.78 1022.71,290.42 1021.63,292.32
             1020.82,293.67 1024.33,294.48 1025.14,295.83
             1025.95,297.45 1026.49,299.34 1026.49,301.23
             1026.49,304.47 1021.90,306.90 1022.71,310.14
             1022.98,312.57 1032.44,312.03 1023.52,317.70
             1021.09,319.33 1002.44,310.14 998.65,315.00
             997.03,317.16 1003.79,332.56 998.38,334.72
             998.38,334.72 989.74,330.94 989.74,330.94
             988.11,330.94 982.98,340.39 982.71,342.55
             982.17,345.52 982.17,349.31 980.01,352.01
             978.39,353.90 975.41,350.93 976.22,355.79
             977.30,361.73 984.33,362.27 981.36,369.56
             979.74,374.16 970.82,384.69 969.20,389.55
             968.66,391.98 972.17,394.14 971.36,396.57
             971.36,396.57 965.41,401.71 965.41,401.71
             963.25,402.79 958.93,400.36 957.85,402.79
             957.85,402.79 960.55,413.32 960.55,413.32
             960.55,413.32 959.20,421.42 959.20,421.69
             959.20,421.69 960.01,431.69 960.01,431.69
             959.74,432.77 958.39,433.04 958.12,434.12
             955.68,441.41 951.90,448.97 949.47,456.54
             947.85,461.40 959.20,458.70 957.31,471.93
             955.41,484.63 948.12,471.93 937.04,478.95
             933.52,481.11 927.58,490.30 926.77,494.62
             926.50,495.97 928.12,497.05 927.85,498.13
             927.58,501.10 923.80,502.99 923.80,505.96
             923.80,538.65 927.85,481.92 927.85,514.61
             927.85,516.23 925.96,517.31 925.96,518.93
             925.69,520.82 926.77,522.44 927.04,524.33
             927.04,525.95 925.69,527.84 925.96,529.46
             926.23,533.51 930.55,537.02 931.09,541.08
             931.63,547.02 927.31,554.58 928.66,560.25
             930.28,566.47 940.55,565.93 941.63,572.68
             941.63,572.68 938.66,583.48 938.66,583.48
             936.50,585.37 931.09,584.02 931.36,586.72
             932.71,598.34 939.74,595.37 936.77,610.76
             936.77,610.76 937.04,618.59 937.04,618.59
             934.61,624.81 925.96,625.35 925.42,627.24
             925.15,627.78 926.50,628.05 926.50,628.86
             927.04,629.94 927.58,631.29 927.04,632.37
             926.23,633.99 923.53,634.26 922.98,636.15
             921.36,641.01 928.93,651.82 922.98,660.19
             920.55,663.70 919.47,661.00 918.66,658.30
             918.93,658.30 918.93,658.30 919.20,658.03
             920.28,657.22 918.66,655.06 917.85,653.98
             912.17,645.06 915.15,658.30 906.23,649.93
             905.42,649.12 907.04,647.50 907.04,646.41
             907.04,644.79 905.42,646.41 905.42,646.41
             903.80,643.98 904.34,639.93 904.88,640.47
             904.88,639.93 904.61,639.66 904.61,639.39
             904.07,636.69 903.26,634.26 902.72,631.56
             902.45,629.94 904.88,626.43 902.99,626.43
             896.23,626.43 907.85,634.80 901.09,639.39
             900.82,639.39 900.55,639.12 900.55,638.85
             900.28,637.23 901.09,635.34 900.55,633.99
             899.74,632.64 897.04,630.21 896.77,631.56
             896.50,633.72 899.20,635.07 900.01,636.96
             900.55,638.04 898.93,640.47 899.47,641.82
             901.64,647.50 903.26,644.52 901.64,648.31
             901.64,648.58 901.64,649.39 901.09,649.39
             900.55,649.39 900.01,647.77 899.47,648.31
             897.58,651.82 900.01,656.41 897.85,656.41
             896.77,656.41 898.12,652.90 897.31,653.44
             892.72,656.41 901.36,659.38 890.01,659.38
             888.66,659.38 890.01,656.68 888.93,655.87
             887.58,655.06 885.15,652.09 884.34,653.44
             883.53,655.33 887.04,656.41 887.85,658.30
             888.12,659.11 880.83,659.65 880.01,662.35
             879.74,663.43 882.72,664.51 881.91,665.32
             880.56,666.94 877.04,665.59 875.69,666.94
             874.88,668.02 878.39,668.29 878.12,669.37
             876.50,680.45 874.34,666.13 872.99,671.80
             872.72,672.34 873.80,672.88 873.53,673.42
             872.18,675.32 865.15,683.69 864.88,683.96
             864.34,684.50 863.53,682.88 862.99,683.42
             861.37,684.77 861.64,688.28 859.48,688.55
             857.85,689.09 857.58,684.50 855.69,685.04
             853.80,685.58 854.61,689.09 853.26,690.17
             852.18,690.98 850.29,689.63 849.21,690.17
             848.40,690.44 848.13,691.52 847.31,691.79
             844.61,693.41 845.42,690.98 841.64,690.98
             839.75,690.98 837.59,693.95 836.50,692.60
             835.42,691.25 840.02,690.17 839.48,688.55
             838.67,687.20 837.05,690.71 835.42,690.71
             833.26,690.98 831.10,690.17 828.94,689.36
             824.34,687.20 833.26,684.23 834.07,682.34
             834.34,681.26 832.45,680.18 831.37,680.45
             830.29,680.72 830.56,683.15 829.21,683.42
             827.59,683.69 825.96,682.61 824.34,681.80
             821.10,680.45 819.21,675.59 817.59,674.50
             816.78,673.69 815.15,674.23 814.07,673.69
             812.18,672.61 808.94,665.59 809.21,663.70
             809.21,662.08 811.10,661.00 811.64,659.11
             811.91,657.49 809.75,653.44 811.64,653.98
             813.80,654.52 812.18,659.11 814.34,659.92
             815.43,660.73 815.70,657.22 817.05,656.68
             817.59,656.14 818.13,656.68 818.67,657.22
             818.13,655.87 817.86,654.52 817.32,653.17
             817.05,651.28 821.10,651.82 822.18,650.47
             822.72,649.93 819.75,650.47 820.02,649.66
             820.56,648.31 821.91,647.50 823.26,646.95
             824.88,645.87 828.13,646.68 828.94,644.79
             830.02,642.36 822.45,645.87 820.83,644.25
             819.75,645.60 819.21,645.60 819.21,643.17
             819.48,641.01 824.07,640.47 823.53,638.58
             822.72,636.42 819.48,635.88 817.32,636.42
             813.80,637.50 815.15,645.87 811.64,645.60
             809.75,645.60 811.10,642.09 810.29,640.74
             809.75,639.93 808.67,639.39 807.59,638.85
             807.59,638.85 807.59,639.12 807.86,639.12
             807.59,639.12 807.59,639.12 807.32,639.39
             807.32,639.12 807.59,638.85 807.59,638.85
             806.78,638.31 805.97,637.77 805.97,636.96
             805.97,635.61 809.21,638.04 810.29,637.23
             811.91,635.88 811.37,632.37 813.26,631.56
             814.61,630.75 815.43,633.72 816.78,633.99
             817.32,634.26 816.51,632.64 817.05,632.37
             817.59,631.83 818.40,632.64 818.94,632.37
             820.02,632.10 816.24,632.10 816.51,631.02
             816.51,630.75 827.59,625.89 826.78,625.89
             818.13,625.35 823.53,632.64 815.15,625.08
             814.88,624.81 816.51,625.08 816.78,624.54
             817.32,624.00 816.78,622.65 817.59,622.38
             818.67,621.57 820.02,622.65 821.10,621.84
             821.64,621.57 820.83,620.76 820.83,620.22
             821.37,619.13 821.91,618.32 822.45,617.78
             823.80,616.97 826.78,617.78 827.05,616.43
             827.32,614.81 823.53,615.08 823.53,613.73
             823.26,613.19 823.80,612.38 824.34,611.57
             823.80,611.57 822.99,610.22 822.45,610.76
             821.10,611.57 820.29,612.92 819.48,614.00
             818.40,616.16 818.94,618.86 817.32,620.49
             816.51,621.30 816.78,618.32 816.51,617.51
             814.88,614.54 813.53,615.35 814.61,612.65
             815.70,610.49 820.02,605.63 817.59,606.17
             814.88,606.98 812.99,618.86 809.75,612.92
             808.94,611.03 808.13,608.87 807.59,606.71
             807.32,604.55 811.37,606.71 816.24,605.09
             817.32,604.82 817.86,603.74 818.13,602.39
             816.24,604.28 812.72,600.23 812.72,599.15
             812.72,596.72 816.51,596.18 818.67,595.10
             818.13,592.12 815.70,594.83 813.53,597.26
             813.53,597.26 813.26,597.26 813.26,596.99
             812.99,596.72 812.72,596.18 812.18,595.64
             812.99,596.45 813.26,597.53 813.53,597.26
             812.18,598.61 811.10,599.69 810.29,599.96
             808.94,599.96 809.48,597.26 808.94,596.18
             808.67,595.64 803.80,590.77 805.16,590.50
             807.05,590.50 808.67,592.12 810.29,593.48
             810.29,593.21 810.02,592.67 810.29,592.12
             810.83,590.23 814.07,590.23 815.70,588.88
             815.97,588.61 815.43,587.53 814.88,587.80
             812.72,588.07 809.21,590.77 807.32,589.69
             804.89,588.34 806.78,582.13 808.13,581.32
             810.02,579.97 812.18,584.02 814.61,584.02
             814.88,584.29 820.29,577.81 826.24,580.78
             828.13,581.59 828.40,584.29 830.29,585.10
             832.18,585.91 828.67,581.05 834.88,579.43
             842.72,577.27 834.61,591.04 842.99,590.50
             848.13,589.96 841.10,585.64 841.37,582.13
             841.64,578.35 855.42,587.26 853.53,577.81
             853.26,575.92 849.75,579.43 848.13,578.89
             847.04,578.62 846.77,577.00 846.77,575.92
             846.77,572.95 854.34,569.98 851.64,568.90
             844.88,566.20 847.04,578.62 846.50,579.97
             846.50,580.24 843.26,581.05 840.56,581.32
             840.02,581.59 840.29,580.51 840.02,580.24
             838.13,579.16 835.96,578.62 834.07,577.54
             834.07,577.54 834.07,577.54 833.80,577.27
             832.99,579.16 832.18,580.51 831.64,581.05
             831.37,581.32 822.99,577.54 820.83,577.54
             820.02,577.27 820.56,578.89 820.02,579.16
             817.05,580.51 813.53,581.05 810.56,580.24
             810.02,580.24 805.97,575.65 806.51,574.84
             807.86,572.95 810.29,572.14 812.18,571.60
             814.34,571.06 818.40,573.49 818.40,571.33
             818.67,569.44 814.34,570.79 812.18,571.06
             810.83,571.06 809.75,572.95 808.40,572.41
             802.72,570.25 809.48,567.28 811.10,567.28
             813.80,567.55 818.40,570.79 821.64,568.63
             824.88,566.20 812.18,569.44 810.56,565.66
             810.02,564.03 816.78,564.30 815.43,563.49
             813.80,562.68 811.37,563.76 810.02,562.41
             805.70,558.90 812.18,551.88 816.24,551.61
             819.21,551.61 822.99,552.15 824.61,554.58
             825.42,555.66 822.99,557.55 823.80,558.63
             824.61,559.71 824.07,555.39 825.15,555.12
             826.51,554.85 827.05,557.55 828.40,557.82
             829.48,557.82 826.24,555.93 826.78,555.39
             828.13,553.77 834.61,559.44 839.48,554.85
             840.29,554.04 838.13,553.50 837.05,553.50
             827.59,552.96 841.64,555.66 833.80,556.20
             832.45,556.47 824.07,552.42 820.29,551.88
             818.94,551.88 817.86,551.07 816.51,551.07
             814.88,551.07 811.91,553.50 811.64,551.88
             811.37,549.99 815.70,549.99 816.24,548.10
             816.78,545.67 811.37,544.59 811.37,541.89
             811.37,540.81 814.07,541.89 814.61,542.70
             815.43,544.05 815.43,547.29 817.05,547.02
             818.67,546.75 815.15,542.43 816.78,542.16
             818.94,541.89 820.02,546.21 822.18,546.21
             823.80,546.21 823.26,541.08 824.34,542.16
             825.69,543.24 823.80,545.67 823.80,547.56
             823.80,547.83 823.26,548.64 823.53,548.64
             825.15,548.10 824.34,544.59 825.96,544.59
             826.78,544.59 826.24,546.48 827.05,547.02
             828.67,547.83 831.37,549.45 832.18,547.83
             832.72,546.48 828.67,547.02 827.86,545.94
             826.51,544.32 825.96,542.43 825.96,540.54
             825.69,538.11 829.75,536.21 832.18,536.75
             833.26,537.02 832.72,539.19 833.26,540.27
             834.07,541.89 835.42,542.97 835.96,544.59
             835.96,545.13 834.61,546.21 835.15,546.21
             835.96,546.21 836.23,545.13 836.23,544.59
             835.15,539.19 829.21,535.67 838.67,534.05
             841.91,533.51 842.45,538.11 842.45,542.43
             842.72,541.89 842.99,541.08 843.53,540.81
             845.15,539.46 849.75,542.43 849.21,540.54
             848.67,538.38 844.88,540.27 842.99,538.92
             841.64,537.84 842.18,535.40 841.10,534.05
             839.75,532.16 832.45,529.73 831.37,528.92
             831.10,528.65 832.18,527.84 832.99,527.84
             834.07,527.57 835.42,527.57 836.50,528.11
             837.05,528.38 836.77,529.73 837.32,529.73
             838.13,530.00 841.37,524.33 845.15,527.30
             846.23,528.11 844.61,530.81 845.96,531.35
             847.04,531.89 845.42,528.38 846.50,527.84
             848.40,526.76 852.45,532.70 852.45,532.97
             854.07,533.24 857.31,531.89 856.50,530.54
             855.69,528.92 852.45,531.62 851.10,530.54
             849.21,528.92 852.99,525.95 855.96,524.87
             853.80,525.68 851.91,526.22 850.02,526.22
             833.80,526.49 848.13,524.60 847.59,521.36
             847.31,519.20 843.80,519.47 842.45,517.58
             840.56,515.42 841.37,513.53 848.67,514.34
             850.29,514.61 850.29,517.58 851.91,518.12
             852.99,518.39 853.80,516.50 854.88,516.50
             856.50,516.23 857.85,516.23 859.48,516.50
             859.21,516.23 858.94,515.69 858.67,515.42
             858.39,513.80 860.56,512.18 862.18,511.91
             862.99,511.64 862.18,513.53 862.72,514.34
             863.53,515.42 865.42,515.42 865.96,516.77
             866.50,517.85 864.88,519.47 865.96,520.28
             867.31,521.63 870.83,524.06 871.91,522.17
             872.72,520.28 867.58,519.47 867.31,517.31
             867.31,515.96 870.29,517.04 871.37,516.23
             871.91,515.69 869.48,516.77 868.93,516.23
             868.66,515.96 870.56,514.88 870.02,515.15
             868.66,515.42 867.58,517.31 866.50,516.77
             864.61,515.69 864.07,513.26 863.53,511.37
             862.99,510.56 864.88,512.18 865.69,512.45
             866.50,512.99 862.99,509.74 865.69,510.29
             865.96,510.29 876.77,515.96 875.69,508.66
             874.61,499.75 867.04,516.50 868.66,504.88
             868.93,502.45 875.42,498.13 877.31,499.21
             878.93,500.02 877.04,503.53 878.39,505.15
             878.93,505.96 879.74,503.80 880.56,503.26
             881.91,502.72 885.69,502.72 884.61,501.64
             883.80,500.56 880.01,504.34 880.29,502.72
             880.29,500.83 883.26,500.29 884.61,498.67
             886.23,497.05 886.23,493.81 888.39,493.54
             890.01,493.00 889.20,496.24 890.01,497.59
             890.55,498.67 892.45,499.21 892.45,500.56
             892.45,502.18 890.01,502.99 890.28,504.61
             890.55,505.69 891.91,503.26 892.99,503.53
             894.61,503.80 896.50,507.85 897.31,506.50
             898.12,504.34 894.07,502.72 894.34,500.56
             894.34,498.40 905.42,501.10 905.69,501.10
             907.58,499.75 907.85,496.78 907.58,494.62
             907.31,493.54 904.07,495.70 904.34,494.62
             905.15,491.11 916.23,490.57 915.69,487.87
             915.42,485.71 908.93,485.71 910.28,483.82
             911.36,481.92 916.23,482.46 916.50,480.30
             917.31,469.50 907.58,482.74 905.42,484.63
             904.34,485.44 901.09,486.25 901.91,487.60
             902.99,489.49 906.23,488.41 908.12,489.22
             908.39,489.22 907.58,489.49 907.31,489.76
             905.96,490.57 904.34,491.11 902.99,492.19
             901.64,493.27 894.88,499.21 892.72,498.67
             891.37,498.40 891.91,496.24 891.37,495.16
             890.83,494.08 888.93,493.27 889.47,492.19
             890.28,490.30 892.99,490.03 894.61,488.68
             894.88,488.41 893.53,489.49 892.99,489.22
             892.45,489.22 893.80,487.87 893.53,488.14
             891.64,488.95 888.66,493.27 885.96,492.19
             881.91,490.57 887.85,487.06 890.83,485.17
             892.45,484.36 894.61,484.36 895.69,482.74
             896.50,481.92 893.26,483.55 892.18,483.28
             891.64,483.28 891.91,482.74 891.91,482.19
             892.18,480.30 891.91,478.41 892.99,476.79
             893.53,475.98 895.15,477.33 895.96,476.79
             896.50,476.79 894.88,476.79 894.88,476.25
             894.88,475.44 895.15,474.63 895.42,473.82
             896.23,473.01 898.12,474.90 898.66,473.82
             899.20,473.01 898.39,471.39 899.20,470.31
             900.01,469.23 902.45,469.50 902.99,467.88
             903.26,466.80 899.47,465.45 900.55,465.18
             902.45,464.64 904.07,467.88 905.96,467.34
             907.31,467.07 903.80,465.72 902.99,464.37
             901.64,462.48 905.69,460.32 907.85,458.97
             910.01,457.62 910.82,463.83 913.53,464.91
             915.15,465.45 917.31,464.91 918.39,463.56
             918.93,462.75 914.61,463.56 915.15,462.48
             915.96,460.86 919.47,461.13 920.28,459.51
             921.63,455.73 911.90,465.72 914.34,455.46
             914.61,453.83 915.15,452.75 915.42,452.21
             914.34,453.02 913.26,453.83 911.90,454.37
             907.85,456.27 919.47,449.24 918.66,448.16
             918.39,447.62 917.85,447.62 917.04,447.89
             917.04,447.89 917.04,447.62 917.04,447.62
             917.04,447.08 915.15,447.62 915.42,447.08
             916.23,445.19 924.61,445.73 925.96,445.19
             926.50,444.65 925.42,443.30 925.96,442.76
             930.01,438.98 935.42,441.41 936.77,433.58
             936.77,432.23 934.61,434.93 933.52,435.47
             932.17,435.74 930.82,435.47 929.47,435.47
             928.39,435.74 926.50,437.36 926.50,436.28
             927.04,432.77 936.77,432.77 934.06,428.18
             933.79,427.36 931.36,427.91 929.47,427.91
             929.74,428.45 930.28,428.99 930.82,430.07
             929.47,431.42 928.39,433.04 927.04,434.39
             926.50,434.66 925.42,436.28 925.15,435.47
             924.88,434.12 924.88,426.55 927.04,426.28
             927.04,425.47 927.04,424.93 927.58,423.85
             928.39,421.69 931.90,422.77 933.79,421.69
             934.34,421.42 932.44,421.69 932.17,421.42
             931.36,420.34 930.55,418.99 930.28,417.91
             930.01,416.29 932.44,410.08 934.06,410.08
             936.23,409.81 937.31,413.32 939.47,413.86
             940.28,414.13 938.66,411.97 938.39,410.89
             937.85,409.54 938.12,407.11 936.77,406.30
             935.42,405.49 932.98,407.65 931.63,406.57
             927.31,403.06 936.23,404.41 937.58,403.87
             940.01,402.79 940.28,399.27 944.06,400.08
             945.69,400.63 946.50,402.79 948.12,402.79
             949.47,402.79 945.96,401.17 945.69,400.08
             945.69,399.81 945.69,399.81 945.69,399.81
             945.42,399.81 945.15,400.08 944.87,400.08
             944.33,400.08 944.87,398.46 944.33,398.19
             941.63,397.65 939.74,402.52 936.77,402.25
             927.31,400.90 941.90,399.00 943.52,397.65
             944.06,397.38 942.44,397.38 941.63,397.38
             939.74,397.11 938.12,397.92 936.23,397.65
             933.79,397.11 934.61,392.79 935.15,390.63
             937.04,380.64 941.09,384.96 947.85,382.26
             951.63,380.64 943.52,377.94 942.44,376.05
             941.90,374.97 944.87,375.78 945.96,375.24
             947.04,374.70 941.36,370.64 948.12,372.80
             948.66,372.80 947.31,373.89 947.31,374.43
             947.58,378.21 948.93,372.53 948.93,371.99
             948.93,371.72 949.47,370.37 949.74,370.91
             950.55,371.72 949.47,374.16 950.82,374.43
             952.98,374.70 955.96,373.62 956.50,371.72
             957.31,369.83 953.52,369.02 953.25,367.13
             953.25,366.86 959.74,363.08 961.90,364.16
             963.25,364.70 960.55,369.02 962.17,368.75
             963.79,368.75 961.90,364.97 963.25,364.16
             963.52,363.89 963.52,363.89 963.79,363.62
             963.52,363.35 963.25,363.08 962.98,362.81
             962.17,362.27 964.60,360.65 963.79,360.38
             962.98,360.11 962.44,362.00 961.36,362.54
             958.66,363.62 955.41,365.78 952.71,364.16
             951.63,363.35 954.87,361.73 955.68,360.38
             957.31,356.87 957.85,348.77 961.90,351.74
             963.25,352.82 957.85,354.44 959.20,355.52
             960.28,356.60 961.90,353.63 963.79,353.36
             965.14,353.36 966.50,353.90 967.58,354.98
             969.20,356.60 972.17,362.54 971.36,360.38
             970.82,358.49 968.12,356.87 968.66,354.71
             968.93,352.82 972.17,352.55 973.25,350.93
             973.79,350.12 971.63,351.47 970.82,351.74
             966.77,353.09 965.41,354.98 963.52,349.85
             962.44,347.15 964.87,348.77 965.14,347.42
             965.41,347.15 964.33,347.69 964.33,347.42
             963.52,344.98 971.09,348.77 972.17,347.42
             974.06,344.17 965.68,341.47 965.14,341.47
             964.60,341.47 965.68,342.55 965.41,343.09
             964.60,344.71 960.01,350.39 958.39,349.58
             956.50,348.77 956.23,345.80 957.04,343.90
             957.58,342.28 960.28,343.36 961.36,342.28
             962.17,341.47 958.93,343.36 958.39,342.55
             957.31,340.93 961.90,339.85 963.25,340.93
             963.79,341.20 962.71,342.55 962.98,342.28
             967.31,337.96 974.33,340.66 973.79,334.72
             973.79,333.91 972.17,335.53 971.36,334.99
             970.82,334.72 971.63,333.64 971.09,333.37
             970.82,333.10 970.82,334.45 970.55,334.45
             969.47,334.99 968.66,334.72 967.85,334.72
             966.22,334.99 964.06,336.34 963.52,334.99
             960.01,327.97 970.55,332.83 970.82,332.83
             972.44,331.48 971.09,328.51 971.90,326.62
             972.17,325.81 972.71,328.51 972.98,329.59
             973.25,329.86 974.06,329.32 974.06,329.59
             974.06,331.21 972.98,332.83 973.52,334.18
             973.52,334.72 979.47,343.36 980.82,341.74
             984.06,337.96 970.55,326.08 974.60,324.19
             975.95,323.38 978.66,325.54 980.82,327.43
             980.55,326.62 980.55,325.81 980.01,325.27
             978.66,324.19 974.60,324.73 975.14,322.84
             975.41,320.68 978.93,320.95 981.09,320.68
             992.71,318.79 982.98,324.46 990.28,327.97
             995.41,330.40 984.33,319.60 989.20,319.60
             990.55,319.60 991.36,321.22 992.44,321.22
             994.06,320.95 996.49,320.95 996.22,319.60
             994.60,308.25 987.84,319.60 985.14,319.06
             984.60,318.79 986.22,318.25 985.95,317.70
             985.95,317.16 985.14,316.35 984.60,316.62
             983.79,316.89 983.79,318.52 982.71,318.52
             981.09,318.79 978.39,319.06 977.58,317.43
             977.03,316.35 977.30,315.00 977.85,313.92
             976.49,314.19 974.87,314.46 974.06,315.27
             972.71,316.62 974.06,320.14 972.44,321.22
             971.36,322.03 972.44,317.98 971.36,317.16
             970.01,316.35 968.39,316.62 967.04,316.89
             965.95,317.16 966.50,319.33 965.68,320.14
             964.87,320.95 963.79,321.76 962.98,322.57
             961.90,323.65 961.09,324.73 960.28,325.81
             960.28,325.27 960.28,325.00 960.28,324.73
             961.09,322.84 962.71,320.95 962.98,319.06
             963.25,317.98 961.90,316.62 962.44,315.54
             963.79,314.19 966.50,314.73 967.85,313.38
             973.52,307.98 958.93,309.60 966.77,301.23
             972.44,294.75 971.36,306.90 970.01,312.84
             970.55,311.76 971.36,310.95 972.17,310.68
             972.71,310.41 973.25,312.30 973.52,311.76
             974.33,310.41 972.98,297.45 977.58,303.66
             980.01,306.90 980.82,309.33 980.82,310.68
             981.90,310.14 982.71,309.60 983.52,309.60
             984.60,309.60 985.14,311.76 986.22,311.76
             988.39,312.03 990.82,311.49 992.71,310.41
             995.41,308.79 987.03,310.95 986.49,307.44
             986.49,306.36 987.84,305.01 989.20,305.01
             989.20,305.01 989.47,305.01 989.74,305.01
             989.47,304.74 989.20,304.74 989.20,304.20
             989.20,302.58 992.44,303.12 993.79,302.04
             994.06,301.77 992.71,301.77 992.44,301.50
             990.55,300.15 989.74,297.18 990.28,294.75
             990.55,292.59 995.95,294.48 996.49,292.32
             997.03,290.70 995.68,289.07 995.14,287.45
             995.14,289.34 994.87,290.42 994.60,290.70
             992.71,290.70 990.82,289.07 989.20,290.15
             986.49,291.24 985.95,294.75 984.33,297.18
             982.98,296.37 980.55,296.37 980.55,295.02
             981.09,292.86 984.60,292.59 985.14,290.42
             985.68,289.34 982.17,291.78 981.90,290.70
             981.36,289.07 984.33,287.72 984.06,285.83
             984.06,284.75 980.28,286.10 981.09,285.56
             984.87,283.67 991.09,285.29 988.39,281.78
             987.30,280.70 983.25,281.24 984.33,280.43
             985.68,279.62 987.84,282.05 989.47,281.24
             991.09,280.16 990.28,276.65 991.90,276.11
             994.60,275.30 995.14,280.43 995.41,284.75
             995.41,283.13 995.95,281.78 996.49,280.43
             997.84,278.27 998.38,285.83 1000.28,286.91
             1002.17,287.99 1004.60,286.91 1006.49,286.10
             1006.76,286.10 998.38,283.13 998.93,281.24
             999.47,279.35 1001.36,276.92 1003.25,277.19
             1005.14,277.19 1004.87,280.70 1006.22,282.05
             1007.57,283.40 1009.46,283.13 1011.09,284.48
             1011.90,285.29 1012.71,288.80 1013.25,287.72
             1015.41,281.24 999.47,282.86 1005.41,270.17
             1006.49,268.01 1011.09,265.31 1013.25,266.93
             1015.14,268.01 1012.71,280.70 1012.71,281.24
             1013.25,281.78 1014.06,280.43 1014.33,279.62
             1014.60,278.00 1013.25,275.84 1014.33,274.49
             1015.14,273.14 1018.65,275.30 1018.92,273.68
             1018.92,272.06 1015.14,272.33 1014.60,270.71
             1014.06,269.36 1016.76,257.74 1020.82,262.60
             1021.90,264.23 1020.82,279.35 1020.82,279.89
             1020.27,281.78 1016.76,285.02 1018.65,285.56
             1023.52,287.18 1021.09,277.73 1022.71,276.65
             1024.33,275.57 1026.76,276.65 1028.38,275.84
             1029.19,275.30 1027.03,274.76 1026.49,274.22
             1024.60,272.60 1020.55,270.44 1022.17,266.66
             1029.19,250.99 1022.17,268.82 1030.27,263.42
             1032.44,262.06 1030.27,258.01 1031.90,256.12
             1032.44,255.58 1033.25,256.39 1033.79,256.93
             1034.33,257.47 1034.06,258.55 1034.60,259.09
             1035.95,260.17 1037.57,260.44 1038.92,261.52
             1040.00,262.33 1040.81,263.96 1042.17,264.50
             1043.52,264.77 1039.73,262.60 1039.19,261.25
             1039.19,260.98 1040.27,260.98 1040.27,260.44
             1040.81,256.66 1040.00,250.99 1039.46,251.26
             1038.11,251.26 1030.27,258.01 1028.11,250.18
             1027.03,245.86 1034.87,243.97 1037.03,244.51
             1038.92,244.78 1040.00,247.21 1041.89,247.75
             1042.44,247.75 1041.62,246.13 1042.17,245.86
             1042.71,245.32 1043.79,245.86 1044.33,246.13
             1045.95,246.13 1047.84,245.86 1049.19,246.40
             1052.70,247.48 1048.11,255.31 1055.41,254.77
             1056.76,254.50 1057.57,252.61 1057.30,251.26
             1057.30,250.45 1055.68,251.53 1054.87,251.26
             1054.06,250.99 1052.70,250.72 1052.70,249.91
             1052.70,248.83 1055.95,249.37 1054.87,247.48
             1053.79,245.86 1053.52,244.24 1054.60,239.11
             1054.60,238.84 1054.60,238.84 1054.60,238.57
             1054.06,239.65 1053.25,240.73 1052.43,242.08
             1051.08,240.73 1048.65,239.92 1048.11,238.30
             1046.76,233.43 1062.97,221.82 1056.76,234.78
             1059.19,232.62 1062.70,235.05 1063.51,234.24
             1064.87,233.43 1060.54,233.43 1060.00,232.08
             1058.11,227.49 1066.22,228.30 1066.76,227.49
             1067.84,225.06 1059.46,222.09 1059.46,221.28
             1059.73,219.66 1063.51,223.44 1064.06,222.09
             1065.14,220.20 1061.62,218.04 1062.16,215.88
             1062.97,213.72 1077.84,215.07 1078.11,215.88
             1078.65,216.69 1071.35,229.92 1071.62,230.73
             1071.62,231.00 1071.89,231.00 1072.16,231.00
             1071.62,231.00 1071.35,231.00 1071.35,231.27
             1071.89,232.08 1073.51,230.73 1074.32,231.27
             1077.84,233.70 1069.73,234.78 1074.32,236.14
             1075.95,236.68 1073.24,239.11 1072.97,240.73
             1072.97,241.27 1072.43,249.10 1077.03,244.51
             1077.84,243.70 1077.03,242.08 1077.30,241.00
             1077.57,239.38 1078.38,238.30 1078.92,236.95
             1079.46,235.32 1076.49,237.22 1077.30,234.78
             1078.92,230.19 1083.24,212.37 1086.22,210.75
             1086.22,210.75 1088.11,217.77 1088.11,218.31
             1087.57,219.93 1084.86,220.74 1085.13,222.63
             1085.41,223.71 1087.84,220.74 1088.65,221.82
             1089.73,223.17 1087.57,226.68 1089.19,227.49
             1091.08,228.84 1093.78,227.49 1095.40,226.14
             1096.49,225.06 1092.97,224.25 1092.97,222.90
             1092.97,221.01 1092.16,218.58 1093.24,216.96
             1094.05,215.07 1096.76,214.80 1098.11,213.18
             1098.65,212.64 1096.76,213.18 1096.22,212.91
             1094.32,212.10 1091.08,211.56 1091.08,209.40
             1090.81,207.77 1095.13,209.67 1095.94,208.31
             1097.03,206.42 1094.59,204.26 1095.13,202.37
             1095.40,201.02 1097.30,205.07 1098.65,204.26
             1100.81,203.45 1102.43,201.56 1106.75,204.53
             1110.00,206.69 1101.08,218.31 1100.27,219.93
             1100.00,220.47 1101.89,219.12 1102.16,218.58
             1103.78,217.23 1104.59,214.26 1106.48,213.72
             1107.84,213.45 1107.03,216.15 1106.75,217.50
             1105.94,219.39 1102.70,221.28 1103.78,223.17
             1104.86,224.79 1107.57,219.93 1109.19,221.01
             1109.46,221.28 1109.73,221.55 1109.73,221.82
             1110.27,221.55 1111.35,222.36 1111.89,222.09
             1113.51,220.47 1109.46,219.12 1109.46,219.12
             1109.19,218.04 1108.92,208.86 1110.00,207.23
             1114.86,201.02 1118.11,212.91 1118.38,212.91
             1135.94,213.72 1109.46,202.37 1126.75,207.77
             1135.67,210.48 1129.19,210.75 1127.83,214.26
             1127.56,214.80 1129.19,214.53 1129.73,214.26
             1131.35,213.72 1132.70,212.37 1134.32,212.10
             1134.86,212.10 1134.32,213.18 1134.59,213.45
             1135.40,213.99 1136.48,213.99 1137.29,214.26
             1137.56,214.53 1137.83,215.07 1138.37,215.34
             1139.73,216.42 1141.89,217.23 1142.97,218.85
             1143.24,219.39 1141.89,219.39 1141.35,219.93
             1140.00,220.74 1138.10,221.01 1137.29,222.36
             1135.67,224.52 1137.02,228.30 1134.86,229.38
             1128.92,232.35 1121.62,228.30 1116.75,233.70
             1115.94,234.24 1118.38,232.89 1119.46,232.89
             1120.81,232.89 1121.89,233.16 1123.24,233.43
             1123.51,233.70 1123.78,233.97 1124.05,233.97
             1126.21,234.24 1129.19,232.62 1130.54,234.51
             1131.62,235.86 1127.29,237.76 1128.10,239.38
             1128.92,240.73 1130.00,235.59 1131.62,235.86
             1133.51,236.41 1132.97,240.73 1132.16,243.43
             1132.43,242.89 1132.70,242.62 1132.97,242.35
             1134.86,241.54 1137.56,242.89 1139.73,242.08
             1140.27,241.81 1138.10,241.00 1138.10,240.19
             1137.83,238.30 1138.10,236.68 1138.64,235.05
             1138.91,234.51 1138.37,236.68 1139.18,236.68
             1141.35,237.22 1143.51,236.68 1145.67,236.41
             1145.94,236.41 1146.21,236.41 1146.48,236.41 Z
           M 1029.73,291.78
           C 1029.73,291.78 1029.73,291.78 1029.73,291.78
             1029.73,291.78 1029.73,291.78 1029.73,291.78 Z
           M 1030.27,292.05
           C 1030.27,292.05 1030.27,292.05 1030.27,292.05
             1030.27,292.05 1030.27,292.05 1030.27,292.05 Z
           M 1030.54,292.05
           C 1030.54,292.05 1030.54,292.05 1030.81,292.05
             1030.54,292.05 1030.54,292.05 1030.54,292.05 Z
           M 1031.08,292.32
           C 1031.08,292.32 1031.08,292.32 1031.08,292.32
             1031.08,292.32 1031.08,292.32 1031.08,292.32 Z
           M 1031.36,292.32
           C 1031.36,292.32 1031.36,292.32 1031.36,292.32
             1031.36,292.32 1031.36,292.32 1031.36,292.32 Z
           M 1079.73,209.40
           C 1080.00,211.56 1076.22,212.10 1074.87,213.72
             1064.06,203.18 1078.65,203.18 1079.73,209.40 Z
           M 1038.65,230.46
           C 1039.73,230.46 1040.27,232.35 1041.08,231.81
             1042.17,231.00 1039.19,228.03 1040.27,228.30
             1040.81,228.57 1040.81,229.92 1041.62,229.92
             1042.17,229.65 1041.08,228.30 1041.62,228.03
             1044.06,226.95 1042.98,233.70 1045.41,230.19
             1045.95,229.65 1044.06,228.57 1044.60,228.03
             1046.22,225.87 1048.92,225.06 1051.35,223.44
             1051.35,223.71 1051.08,223.71 1051.08,223.71
             1051.08,223.98 1052.16,223.98 1052.16,224.25
             1051.89,225.33 1050.81,226.41 1050.27,227.49
             1048.11,233.43 1045.14,235.86 1038.65,236.95
             1039.19,235.32 1041.08,233.43 1040.27,231.81
             1040.00,231.54 1039.46,231.27 1038.92,231.27
             1038.92,231.00 1038.38,230.46 1038.65,230.46 Z
           M 1036.76,231.54
           C 1036.22,231.54 1035.95,231.54 1035.68,231.54
             1035.14,231.27 1035.68,231.54 1036.76,231.54 Z
           M 1020.55,250.72
           C 1021.09,249.64 1022.71,249.10 1024.06,248.56
             1024.33,248.29 1025.14,248.56 1024.87,248.83
             1024.06,250.99 1022.71,252.88 1021.63,254.77
             1021.36,253.42 1020.00,252.07 1020.55,250.72 Z
           M 1015.41,257.47
           C 1015.41,257.47 1015.68,258.01 1015.68,258.01
             1015.68,258.28 1015.41,258.55 1015.41,258.82
             1015.41,258.28 1015.14,258.01 1015.41,257.47 Z
           M 1001.09,262.60
           C 1003.25,256.66 1024.87,258.01 1006.22,266.66
             1004.87,265.04 1000.55,264.50 1001.09,262.60 Z
           M 963.52,306.63
           C 964.06,307.17 962.44,307.71 962.71,308.52
             963.25,311.49 970.28,311.22 960.55,315.27
             959.47,315.54 958.39,314.19 957.04,313.65
             964.06,307.98 960.01,307.17 960.01,308.79
             960.28,312.03 956.77,309.87 955.14,310.95
             953.79,311.49 952.71,316.08 952.44,314.46
             951.63,309.87 958.66,302.04 963.52,306.63 Z
           M 941.90,331.21
           C 942.44,329.59 941.36,326.62 942.98,326.35
             952.98,324.46 944.06,333.91 940.82,334.72
             940.82,334.45 940.28,334.45 940.28,334.18
             940.82,333.10 941.63,332.29 941.90,331.21 Z
           M 875.15,485.44
           C 876.50,485.71 875.69,487.60 875.96,488.95
             875.69,489.22 875.15,489.49 874.88,489.49
             873.80,489.76 872.45,489.76 871.37,490.03
             860.02,491.65 874.88,485.17 875.15,485.44 Z
           M 824.88,535.94
           C 825.96,535.40 827.32,535.94 828.67,536.21
             828.67,535.94 828.67,535.67 828.94,535.67
             828.94,535.40 829.21,535.94 829.21,536.21
             828.94,536.48 828.67,536.48 828.40,536.75
             828.40,536.75 828.67,536.48 828.67,536.48
             827.59,537.02 826.51,538.38 825.42,538.38
             824.61,538.38 824.34,536.48 824.88,535.94 Z
           M 807.32,639.66
           C 807.59,639.39 807.59,639.39 807.86,639.12
             808.40,641.82 809.48,644.79 808.13,647.50
             805.16,652.90 806.78,642.90 807.32,639.66 Z
           M 811.64,619.68
           C 811.64,619.68 811.64,619.40 811.64,619.40
             811.64,619.40 811.64,619.13 811.64,619.13
             812.18,619.68 812.99,619.95 812.99,620.49
             814.61,632.10 808.67,623.73 811.10,619.95
             811.10,619.95 811.10,620.22 810.83,620.49
             811.10,620.22 811.64,619.95 811.64,619.68 Z
           M 915.42,448.43
           C 914.34,448.70 913.53,448.97 912.72,448.97
             910.82,448.70 913.26,448.70 915.42,448.43 Z
           M 1074.05,230.73
           C 1073.51,231.00 1072.70,231.00 1072.16,231.00
             1072.97,231.00 1074.60,230.46 1074.05,230.73 Z
           M 1028.38,291.51
           C 1028.38,291.51 1028.65,291.51 1028.65,291.51
             1028.65,291.51 1028.38,291.51 1028.38,291.51 Z
           M 1029.19,291.78
           C 1029.46,291.78 1029.46,291.78 1029.73,291.78
             1029.46,291.78 1029.46,291.78 1029.19,291.78 Z
           M 1030.00,291.78
           C 1030.00,292.05 1030.00,292.05 1030.27,292.05
             1030.00,292.05 1030.00,292.05 1030.00,291.78 Z
           M 1030.27,292.05
           C 1030.27,292.05 1030.27,292.05 1030.27,292.05
             1030.27,292.05 1030.27,292.05 1030.27,292.05 Z
           M 990.82,2.52
           C 990.82,2.52 995.14,2.52 995.14,2.52M 957.85,2.52
           C 957.85,2.52 934.61,2.52 934.61,2.52
             936.23,2.79 937.58,2.79 938.93,3.33
             940.28,3.87 942.17,5.22 941.63,6.57
             941.36,6.84 942.17,7.92 941.90,7.65
             937.85,4.95 937.04,4.14 931.90,3.87
             930.01,3.87 929.47,8.46 928.39,7.11
             927.85,6.03 930.55,4.14 927.85,3.60
             926.23,3.33 923.25,4.14 923.53,5.76
             923.80,7.65 926.50,16.57 928.93,18.19
             930.28,19.00 932.17,18.73 933.52,19.54
             934.34,20.08 934.34,23.86 936.50,23.32
             938.39,22.78 939.47,20.08 941.63,20.08
             942.98,20.08 942.71,22.78 943.79,23.32
             944.60,23.59 946.77,22.24 945.96,22.51
             943.25,23.59 937.04,24.40 938.12,27.37
             943.79,43.31 940.28,24.94 945.15,33.04
             946.23,34.39 944.87,37.09 946.23,37.63
             947.85,38.44 950.01,37.09 951.36,36.01
             955.96,32.23 950.82,31.96 950.01,29.80
             949.20,27.37 952.71,25.48 952.44,23.05
             952.44,21.70 950.55,21.43 950.28,20.35
             950.28,19.54 952.17,20.62 952.44,20.08
             953.25,17.92 952.98,15.21 952.98,13.05
             952.98,9.54 950.28,7.92 953.52,4.14
             954.33,3.06 956.77,4.68 957.85,3.60
             957.85,3.60 957.85,3.06 957.85,2.52" />
</svg>
