<?xml version="1.0" encoding="UTF-8" standalone="no"?>
<!DOCTYPE svg PUBLIC "-//W3C//DTD SVG 20010904//EN"
              "http://www.w3.org/TR/2001/REC-SVG-20010904/DTD/svg10.dtd">

<svg xmlns="http://www.w3.org/2000/svg"
     width="22.2222in" height="16.6667in"
     viewBox="0 0 2000 1500">
  <path id="gl"
        fill="none" stroke="black" stroke-width="1"
        d="M 639.33,2.45
           C 640.68,3.53 641.49,4.34 641.49,4.34
             642.30,6.23 640.95,8.12 640.95,10.01
             640.95,10.83 642.30,11.37 642.03,11.91
             642.03,12.45 641.22,11.10 640.68,11.10
             639.87,11.37 639.06,12.18 638.79,12.99
             637.71,16.77 637.71,26.76 632.30,28.11
             622.57,30.81 630.95,23.79 629.06,21.36
             628.25,20.01 625.27,21.36 624.19,20.01
             619.33,15.96 625.54,6.77 618.79,2.45
             618.79,2.45 639.33,2.45 639.33,2.45 Z
           M 558.25,85.37
           C 557.17,90.77 565.82,106.17 560.95,104.55
             553.39,101.85 568.25,97.80 554.47,98.88
             553.66,98.88 553.93,100.50 553.93,101.31
             555.28,106.17 561.50,106.98 554.74,111.30
             553.93,111.84 550.96,109.68 550.96,109.14
             550.69,108.33 552.85,108.33 552.58,107.52
             552.58,106.71 551.23,108.06 550.41,107.52
             548.79,106.71 549.60,103.47 549.06,101.31
             547.71,95.10 542.31,92.39 542.85,85.37
             543.12,82.67 544.74,79.97 546.36,77.81
             547.98,75.38 558.25,85.37 558.25,85.37 Z
           M 617.98,2.45
           C 618.25,4.07 622.57,12.72 620.95,12.45
             617.71,12.18 613.65,5.96 613.65,5.96
             613.65,5.96 615.00,8.12 616.09,9.20
             618.25,11.64 626.63,21.90 622.57,25.95
             621.76,26.76 618.25,23.25 616.36,23.52
             614.19,23.79 612.03,26.22 609.87,25.41
             608.79,25.14 610.41,22.71 610.14,21.63
             609.60,19.74 608.79,15.42 607.71,16.77
             606.36,18.39 609.06,20.55 609.33,22.44
             609.60,23.79 608.79,25.14 609.33,26.49
             610.68,30.00 615.82,20.82 620.41,27.57
             621.76,29.73 616.63,31.35 615.55,33.78
             614.73,35.13 616.09,37.29 614.73,38.11
             613.38,39.19 610.95,37.56 609.06,38.38
             608.79,38.65 616.63,41.35 616.90,41.89
             617.98,42.97 617.44,45.40 619.06,46.21
             620.68,46.75 622.57,44.59 624.19,44.86
             624.73,44.86 625.00,50.80 624.19,52.69
             623.11,55.39 619.87,56.74 617.17,57.82
             609.60,61.06 611.76,50.26 611.76,47.83
             612.03,46.21 602.30,44.05 601.22,42.43
             599.87,40.54 601.76,35.40 599.60,35.94
             597.44,36.48 600.41,40.81 599.33,42.70
             598.79,44.05 597.17,44.86 595.55,44.86
             594.20,44.86 592.57,41.35 591.49,42.43
             590.68,43.78 594.74,45.13 594.20,46.75
             593.38,49.45 586.90,45.94 586.90,50.26
             586.90,51.88 589.60,52.96 590.14,54.58
             590.68,57.01 585.01,64.30 585.28,66.20
             585.28,67.28 587.17,64.57 587.44,63.22
             588.79,59.71 589.33,55.39 593.38,53.77
             593.93,53.50 598.52,63.49 598.79,63.76
             599.87,64.84 602.30,64.57 602.84,65.93
             604.19,69.44 598.25,68.90 597.71,69.98
             595.55,73.76 599.87,75.11 593.38,78.35
             591.22,79.43 586.09,73.49 584.74,72.68
             582.84,71.60 583.39,74.84 583.12,75.11
             581.76,75.65 579.87,75.38 578.52,75.38
             576.63,75.38 574.47,76.46 572.85,75.65
             569.06,74.03 564.20,58.36 566.90,53.77
             569.60,49.72 574.20,64.03 574.20,64.30
             574.47,64.57 575.01,64.84 575.55,65.11
             577.71,65.11 582.30,66.74 581.76,64.84
             580.95,62.95 577.17,65.39 575.28,64.03
             572.03,62.14 572.58,53.23 569.06,50.26
             564.47,46.48 561.50,57.01 559.87,56.74
             556.90,56.20 558.25,40.81 557.98,38.11
             557.71,37.56 556.90,38.38 556.90,38.92
             556.36,40.27 555.82,41.62 556.09,43.24
             556.09,43.51 557.71,56.20 557.17,56.47
             555.55,57.82 553.39,54.58 551.23,54.31
             549.87,54.31 542.31,62.68 539.60,56.20
             539.06,55.12 539.60,53.50 539.06,52.42
             538.79,51.88 537.98,52.42 537.71,52.15
             536.90,51.61 536.09,51.07 535.82,50.26
             535.01,48.10 536.90,45.13 535.28,43.51
             534.74,42.97 533.12,42.70 532.85,43.51
             532.31,45.67 537.44,55.66 537.44,55.66
             534.47,62.68 530.69,53.50 530.15,53.23
             528.52,51.88 526.09,51.61 523.93,51.34
             523.12,51.07 526.90,52.42 526.36,53.50
             525.55,55.66 522.58,56.20 521.50,58.09
             520.69,60.25 529.07,53.77 529.34,54.04
             530.69,54.85 530.69,57.55 532.31,58.09
             533.66,58.63 534.74,56.20 536.36,56.20
             537.44,56.47 546.09,67.01 546.09,67.28
             546.63,76.19 537.44,69.17 536.63,69.17
             533.66,68.90 531.77,72.95 529.34,69.71
             528.52,68.09 528.79,65.93 527.44,64.84
             526.90,64.30 520.15,61.60 520.42,62.41
             521.23,64.30 530.69,66.20 527.98,69.44
             526.90,70.52 524.47,67.55 523.39,68.63
             522.31,70.25 521.50,73.76 523.39,74.84
             525.01,76.19 526.90,72.41 528.79,72.14
             529.88,71.87 530.69,73.22 531.77,73.22
             538.79,72.95 537.98,70.52 540.69,79.43
             540.96,79.97 541.23,80.78 541.23,81.59
             538.52,91.85 534.20,83.48 528.25,85.10
             527.17,85.37 530.69,86.18 530.42,86.99
             529.34,88.88 526.90,89.15 525.55,90.50
             524.47,91.31 523.12,92.12 522.85,93.75
             522.58,94.29 524.20,93.75 524.74,93.48
             525.82,92.67 526.09,91.04 527.17,89.96
             529.34,88.07 535.55,86.72 537.44,89.69
             538.25,91.31 537.71,93.21 538.52,94.56
             539.33,96.45 541.77,97.53 541.77,99.42
             542.04,101.04 538.79,101.31 538.79,102.93
             538.79,104.01 540.96,102.66 541.77,103.47
             543.12,104.55 544.20,106.44 544.47,108.33
             544.47,108.87 543.12,108.87 542.58,109.41
             542.31,109.95 543.93,109.95 544.20,110.22
             545.82,112.11 548.52,114.81 547.17,116.70
             546.36,118.05 544.47,117.78 542.85,118.32
             541.77,118.59 538.52,118.59 539.60,119.13
             541.23,120.49 545.28,118.59 546.09,120.76
             546.63,122.65 542.58,122.11 541.23,123.46
             536.63,127.78 548.79,124.81 550.14,125.08
             550.69,125.08 548.79,125.89 548.25,125.89
             547.17,126.16 546.09,126.16 545.28,126.43
             540.15,128.32 536.63,131.56 536.09,137.23
             536.09,137.50 536.90,137.23 537.17,136.96
             538.79,135.61 539.06,133.18 540.96,132.37
             542.85,131.29 545.28,131.83 547.44,132.37
             547.98,132.37 547.17,133.18 547.17,133.45
             546.63,135.61 547.17,138.04 545.55,139.39
             544.47,140.47 542.04,138.04 541.23,139.12
             539.88,140.74 542.04,143.44 540.96,145.06
             540.15,146.14 534.47,144.25 533.66,143.71
             531.23,143.17 539.88,144.25 540.42,146.68
             540.69,148.58 535.82,146.68 535.55,148.31
             535.28,149.93 539.33,149.39 539.60,151.01
             539.88,153.44 533.39,151.82 533.12,153.71
             533.12,155.06 535.82,154.79 535.82,155.87
             536.09,156.68 533.93,155.87 533.39,156.68
             533.12,157.49 536.36,158.84 535.28,158.84
             534.47,159.11 533.66,157.22 533.12,157.76
             528.79,161.81 542.31,157.76 530.96,166.13
             527.44,168.83 523.39,165.86 522.04,162.62
             520.96,159.92 527.71,151.55 528.52,149.12
             529.34,145.60 524.47,153.71 522.85,156.95
             520.42,161.27 514.74,162.89 512.04,157.22
             507.45,148.31 510.15,142.63 514.20,134.53
             515.28,132.37 514.20,127.51 514.47,126.16
             514.74,124.54 517.17,123.19 516.36,121.84
             515.28,120.22 512.58,121.84 510.96,120.76
             510.15,119.95 510.69,111.84 510.42,110.49
             506.90,100.77 505.28,105.36 499.61,103.20
             497.18,102.12 499.61,96.45 499.61,95.37
             499.61,95.10 499.34,84.29 498.53,83.21
             495.82,79.97 496.91,87.26 495.82,81.32
             495.55,79.43 496.09,77.00 495.28,75.11
             491.50,67.55 491.50,78.08 492.31,81.86
             492.31,81.86 497.18,86.45 497.18,86.45
             497.45,86.99 497.18,88.07 496.91,87.80
             494.74,86.45 493.39,83.21 496.36,90.77
             497.18,92.12 498.53,93.48 498.26,95.10
             497.45,100.77 487.18,89.96 484.20,92.94
             479.34,97.53 491.77,94.56 493.66,96.45
             494.74,97.80 494.20,99.96 494.20,101.85
             494.20,102.39 493.66,102.93 493.93,103.20
             495.01,103.20 496.09,102.12 497.18,102.39
             498.26,102.66 498.53,104.01 499.34,105.09
             499.34,105.36 499.34,105.63 499.61,105.90
             503.12,108.87 514.47,112.65 507.17,119.95
             502.04,124.81 483.93,122.92 480.42,117.24
             480.42,116.97 482.04,109.68 482.04,109.68
             481.77,109.14 480.69,108.06 480.69,108.60
             479.61,111.03 480.96,117.51 478.80,116.16
             478.26,115.62 478.26,114.54 477.72,114.00
             476.10,112.65 473.93,108.87 472.31,110.49
             470.69,111.84 475.29,114.27 475.02,116.43
             474.20,121.84 467.99,120.22 466.10,121.30
             465.56,121.57 466.64,122.65 466.10,122.92
             462.04,125.08 454.75,115.62 452.85,121.84
             452.58,122.92 462.31,122.92 463.66,124.81
             464.75,126.16 458.53,126.97 461.77,129.13
             463.66,130.75 479.61,135.07 480.69,137.23
             481.50,138.85 479.61,141.01 478.26,142.09
             475.02,144.52 474.74,139.39 473.12,138.85
             471.77,138.31 469.88,138.31 468.26,138.58
             464.21,139.39 465.83,142.90 460.15,139.66
             458.80,139.12 459.07,136.69 457.72,135.88
             456.10,134.80 450.42,134.80 451.77,136.42
             452.85,137.50 455.29,137.50 456.37,138.58
             456.91,139.39 456.10,140.74 456.64,141.82
             457.72,143.71 459.07,145.33 460.96,146.68
             463.93,148.85 466.10,142.90 467.99,142.09
             475.29,138.85 472.58,143.98 477.45,146.41
             479.07,147.22 491.77,145.06 492.31,146.68
             493.12,148.31 487.72,148.85 488.53,150.47
             489.07,152.09 491.77,148.85 493.39,149.39
             494.47,149.66 493.39,151.28 493.66,152.09
             494.74,154.25 498.80,160.19 500.69,163.16
             503.12,166.67 507.72,169.37 511.50,171.26
             513.93,172.61 519.61,170.18 519.88,173.15
             520.15,175.59 515.28,178.83 513.39,176.94
             512.85,176.67 513.93,175.59 513.66,175.05
             513.12,174.23 512.04,177.21 510.96,176.94
             509.07,176.67 507.45,173.42 505.82,174.23
             503.66,175.05 505.28,179.91 503.12,180.18
             501.23,180.72 502.58,175.86 500.96,175.05
             499.88,174.50 501.50,178.29 500.42,178.83
             495.82,180.72 495.55,176.13 493.12,174.77
             492.31,174.23 495.28,176.13 495.28,177.21
             495.01,179.10 493.66,180.99 492.31,182.34
             489.34,185.58 487.18,177.48 486.10,176.67
             483.66,175.32 491.23,182.61 485.28,183.96
             482.04,184.50 483.93,175.86 478.80,179.37
             476.91,180.72 477.99,183.96 476.64,185.85
             475.02,187.74 472.58,180.45 470.42,181.53
             468.53,182.34 470.42,185.58 469.61,187.20
             469.07,187.74 468.26,186.93 467.45,186.66
             465.83,186.12 464.21,184.50 462.31,184.23
             461.50,184.23 462.85,185.85 462.58,186.66
             461.50,188.28 460.15,190.17 458.26,190.98
             457.45,191.25 457.45,189.36 456.64,189.36
             456.10,189.09 456.64,190.17 456.37,190.44
             455.29,190.98 454.21,191.52 453.12,191.25
             451.77,191.25 450.96,189.09 449.61,189.36
             445.29,189.63 450.69,193.68 446.10,191.79
             444.75,191.52 443.40,191.25 442.31,190.44
             442.04,189.90 443.94,188.82 443.13,188.82
             440.42,188.01 437.45,190.71 434.48,190.44
             433.40,190.17 432.59,188.55 431.50,188.28
             430.15,188.01 423.40,187.47 422.86,187.20
             422.05,186.12 422.05,182.07 421.51,183.15
             420.96,184.23 421.51,186.93 420.69,186.39
             419.88,185.85 419.88,184.23 419.07,183.69
             417.99,183.42 417.18,185.85 416.10,185.31
             413.67,184.50 412.86,180.72 410.43,180.72
             409.07,180.99 409.88,183.69 409.07,184.23
             406.64,185.85 402.86,185.31 402.59,182.07
             402.59,181.26 403.94,180.99 403.94,180.18
             404.21,178.29 405.56,175.32 403.94,174.77
             399.07,173.69 398.80,184.50 393.94,182.07
             389.08,179.37 394.21,181.53 393.94,176.67
             393.67,174.77 389.89,170.72 390.16,172.61
             390.70,176.67 394.21,177.21 390.43,180.99
             386.37,184.77 381.51,172.34 380.97,171.80
             380.16,170.72 377.18,171.26 377.72,170.18
             378.27,168.29 382.32,169.37 382.32,167.48
             382.59,165.59 378.81,165.05 378.27,162.89
             377.18,159.65 382.86,156.14 381.24,149.39
             381.24,149.12 380.16,153.17 379.35,153.17
             371.78,152.09 382.59,161.81 376.10,164.51
             374.48,165.05 373.40,162.35 372.05,161.27
             371.78,161.00 373.13,161.81 373.13,162.08
             373.94,163.97 374.48,165.86 374.48,167.75
             374.75,170.99 372.86,167.21 371.51,168.56
             370.16,170.18 369.89,173.42 367.73,173.69
             365.83,174.23 365.56,170.99 363.94,170.18
             363.94,170.18 358.00,172.34 357.73,172.34
             355.83,172.07 354.48,170.45 352.59,169.91
             352.32,169.91 352.05,170.72 352.05,170.99
             352.32,171.53 353.67,172.07 353.13,172.61
             352.32,173.42 350.70,173.15 349.62,173.69
             348.00,174.77 347.19,176.94 345.29,177.21
             338.54,178.83 343.67,169.64 337.19,179.10
             336.11,180.72 336.65,182.88 335.57,183.96
             335.03,184.50 334.76,183.15 333.94,182.88
             332.32,182.61 330.16,182.61 328.54,183.15
             328.00,183.42 329.35,184.77 328.81,185.04
             328.27,185.31 328.00,183.69 327.46,183.96
             326.92,183.96 327.46,184.77 327.19,185.31
             326.11,186.93 325.03,188.82 323.13,189.90
             322.59,190.17 323.95,187.47 323.13,187.47
             322.32,187.20 322.59,189.09 322.05,189.63
             320.16,190.98 317.73,191.79 315.30,192.06
             315.03,192.06 315.30,190.98 315.57,190.44
             316.11,189.09 317.19,187.74 317.73,186.12
             318.27,185.04 315.57,187.47 314.49,188.01
             314.22,188.28 313.68,192.06 313.68,192.06
             313.41,192.33 303.14,196.11 301.51,193.95
             300.70,192.60 303.41,190.71 303.14,189.09
             302.87,188.28 301.24,188.82 300.70,189.36
             299.35,190.44 299.62,192.87 298.00,193.41
             296.92,193.68 297.46,191.25 297.19,190.44
             295.84,187.20 299.08,190.17 295.84,182.07
             295.30,180.99 295.57,189.09 294.49,189.63
             292.87,190.71 290.70,190.17 289.08,190.44
             288.54,187.74 284.22,193.95 281.52,193.68
             280.43,193.68 281.79,188.55 280.16,185.31
             279.89,185.04 279.08,188.01 278.00,188.28
             276.65,188.28 268.81,187.74 269.08,186.93
             269.35,186.66 269.90,186.66 270.17,186.39
             271.52,184.50 272.87,182.61 273.95,180.72
             274.22,179.64 272.60,182.34 271.79,182.88
             268.81,183.96 269.08,188.28 265.30,187.74
             263.41,187.20 266.38,181.80 264.22,178.56
             263.68,177.75 261.25,179.37 261.25,178.29
             261.52,177.21 263.68,178.02 264.76,177.21
             265.84,176.40 263.14,174.77 266.11,174.50
             268.81,173.96 268.81,174.50 271.52,173.69
             273.14,173.15 275.03,173.15 276.92,172.88
             277.73,172.61 279.35,173.42 279.35,172.61
             279.08,171.26 276.92,170.72 276.65,169.37
             276.38,167.21 276.92,164.51 275.30,163.16
             273.95,162.08 271.52,162.89 269.90,163.16
             269.62,163.16 269.35,163.43 269.62,163.70
             270.44,165.59 272.87,167.48 272.33,169.64
             272.06,170.99 269.90,167.48 268.54,167.48
             267.73,167.75 269.62,169.37 269.08,169.91
             268.27,170.72 266.65,170.18 265.84,170.99
             263.95,172.07 262.87,174.23 260.98,175.59
             260.44,175.86 261.52,170.18 258.00,168.83
             245.84,163.43 266.38,180.18 251.25,181.53
             250.17,181.53 250.44,179.64 250.17,178.83
             249.36,177.21 249.09,174.23 247.46,174.50
             245.57,174.77 247.19,179.37 245.57,179.37
             236.11,180.72 243.41,170.45 242.33,167.48
             242.33,166.94 241.52,168.02 240.98,168.56
             239.63,170.18 238.82,172.07 237.19,173.42
             235.30,174.77 237.47,168.56 237.47,166.13
             237.47,165.59 236.65,166.13 236.11,166.40
             234.49,167.21 233.14,169.64 231.25,169.37
             229.36,169.10 229.09,166.13 227.20,165.32
             226.38,165.05 226.66,166.94 226.93,167.75
             227.47,169.37 229.36,170.72 229.09,172.34
             228.55,176.13 222.06,178.56 219.36,178.83
             204.76,180.45 221.52,172.61 214.22,170.45
             212.60,169.91 211.52,172.88 209.90,172.88
             209.09,172.88 210.98,171.26 210.71,170.45
             210.44,168.83 209.90,165.86 208.28,166.13
             206.39,166.40 207.20,170.18 205.58,171.26
             203.95,172.88 205.31,166.94 203.41,170.18
             203.14,170.72 202.60,171.80 202.60,172.61
             202.60,173.69 203.95,174.50 203.68,175.32
             203.41,176.13 202.06,174.50 201.79,175.32
             201.25,177.48 201.79,179.64 201.52,181.80
             201.52,182.34 202.60,182.34 202.33,182.61
             201.25,184.50 199.09,185.85 198.01,187.74
             197.20,189.63 197.20,192.06 196.39,193.95
             196.12,194.22 195.58,193.95 195.31,193.68
             195.31,193.41 195.58,192.87 195.31,192.87
             194.77,192.60 193.95,193.41 193.68,192.87
             193.41,192.06 194.77,191.25 194.50,190.44
             193.68,186.93 189.63,189.36 187.47,187.47
             185.04,185.58 185.85,182.61 181.52,183.15
             180.98,183.42 182.33,184.23 182.33,185.04
             180.98,194.49 183.14,191.79 188.28,197.73
             188.82,198.27 188.01,199.35 187.47,199.35
             185.31,199.89 182.87,198.27 181.25,199.35
             180.17,199.89 182.60,201.24 182.60,202.60
             182.60,205.30 180.44,207.73 178.28,209.35
             177.47,209.89 173.69,205.03 173.42,204.49
             173.42,204.49 171.25,198.00 171.25,198.00
             171.25,196.92 173.15,195.30 172.06,194.49
             162.88,187.74 176.66,209.62 170.98,211.51
             168.28,212.59 169.09,203.68 166.39,204.49
             164.50,205.03 164.77,209.62 162.88,209.35
             160.71,208.81 161.80,205.30 160.98,203.41
             160.71,202.05 161.80,205.57 162.07,206.92
             162.07,208.27 162.34,209.89 162.34,211.24
             162.07,212.05 161.80,213.67 161.52,213.13
             160.71,211.78 160.44,210.16 160.44,208.81
             160.44,208.00 161.25,207.46 161.25,206.92
             161.52,204.49 162.61,202.05 161.25,200.16
             160.71,198.81 158.55,199.62 157.20,200.16
             156.39,200.43 156.12,201.51 156.12,202.60
             155.85,203.68 156.66,204.49 156.66,205.57
             156.66,206.65 153.15,202.05 154.50,206.11
             155.31,209.08 159.36,206.92 153.69,213.94
             146.93,222.31 154.23,208.54 150.44,204.49
             146.93,200.97 144.23,209.62 144.50,210.70
             144.77,212.59 148.28,213.94 147.74,215.83
             147.20,218.26 142.07,219.61 140.99,217.45
             140.45,216.64 141.26,215.02 140.45,214.48
             135.85,210.43 132.34,215.56 128.28,211.24
             127.74,210.97 127.74,210.16 127.47,209.62
             126.66,208.00 126.66,205.57 125.04,204.49
             124.50,203.95 123.42,205.57 123.69,206.38
             123.96,208.27 125.85,209.35 126.39,211.24
             127.20,213.67 124.50,216.10 124.23,218.53
             123.96,220.96 126.93,222.85 126.39,225.01
             125.04,229.61 121.26,212.86 120.72,212.32
             119.37,210.70 120.99,217.18 120.99,217.72
             120.99,218.80 119.64,219.88 119.91,220.96
             120.45,222.85 122.34,224.20 123.15,226.09
             123.69,228.25 112.07,231.50 110.72,231.77
             110.45,232.04 111.26,232.31 111.53,232.58
             113.42,233.66 116.66,233.66 116.93,235.55
             117.47,237.17 114.50,237.98 112.88,238.25
             106.12,239.87 105.04,238.79 102.61,232.85
             102.34,232.31 103.69,232.85 103.96,233.39
             104.23,234.74 103.15,236.36 103.69,237.71
             104.77,239.33 107.20,239.87 108.29,241.49
             108.83,242.30 105.31,242.84 101.53,243.38
             99.37,243.65 96.93,234.20 95.85,234.47
             89.64,236.09 99.91,240.41 100.45,242.84
             100.72,244.19 98.56,244.73 97.75,245.27
             96.12,246.35 94.50,248.51 92.61,247.97
             83.42,245.00 102.07,239.87 86.94,239.33
             77.21,239.06 94.77,255.53 88.02,252.83
             84.77,251.48 80.18,240.41 77.48,239.87
             75.86,239.60 78.83,242.84 79.64,244.19
             81.53,247.16 84.50,249.59 85.85,253.10
             85.85,253.64 85.04,252.83 84.50,252.83
             82.61,253.10 80.45,254.72 78.29,254.18
             78.29,254.18 74.50,246.62 74.50,246.35
             73.96,246.08 72.61,246.89 72.88,247.43
             74.50,251.48 78.56,253.64 78.29,258.78
             78.29,259.32 76.94,257.97 76.40,257.43
             75.59,256.34 70.45,247.97 70.72,248.51
             71.26,250.13 78.29,260.94 76.40,260.94
             75.04,261.21 73.69,261.21 72.61,260.40
             70.99,259.59 69.91,254.45 69.37,256.07
             68.56,258.24 70.72,260.40 72.07,261.75
             73.15,262.56 75.86,260.94 75.86,262.02
             75.04,267.96 67.48,261.21 67.48,261.21
             62.61,256.88 60.18,250.94 57.75,245.54
             57.48,245.00 57.75,246.62 57.48,246.89
             57.21,247.16 57.21,246.35 56.94,246.35
             54.78,246.35 58.83,250.13 59.10,252.29
             59.10,253.37 57.75,253.91 57.21,254.99
             56.94,255.80 58.83,253.37 59.64,253.91
             59.91,253.91 62.88,259.59 62.88,260.94
             63.15,263.37 58.29,260.94 55.86,261.48
             54.78,261.48 58.02,261.75 59.10,262.29
             60.72,262.83 62.07,263.64 63.69,264.18
             64.50,264.72 61.26,262.02 60.45,262.83
             57.48,268.23 65.05,270.12 56.67,272.82
             52.61,274.17 52.88,264.99 52.61,263.91
             52.34,263.64 51.53,264.72 51.26,264.45
             49.10,263.37 49.10,260.13 47.48,258.51
             46.94,257.97 45.86,258.24 45.86,257.70
             46.13,254.99 51.53,255.53 52.34,253.10
             52.61,252.02 50.18,251.75 49.10,252.29
             48.02,252.56 48.02,254.72 46.94,255.26
             46.40,255.53 46.40,253.91 45.86,254.18
             44.78,254.45 45.86,257.43 43.70,256.07
             42.88,255.80 42.88,254.45 42.07,254.45
             39.91,254.72 38.02,257.70 36.13,256.88
             34.51,256.34 38.02,254.45 38.29,253.10
             38.56,251.75 38.29,250.13 37.48,249.05
             36.13,247.97 33.43,249.32 32.35,247.97
             29.91,246.08 34.51,244.73 34.78,244.46
             35.32,244.19 38.83,244.19 41.53,243.92
             43.43,243.65 44.78,242.57 45.86,241.49
             46.40,240.95 44.24,240.41 44.78,240.14
             47.21,239.06 53.69,240.41 55.59,237.44
             56.13,236.36 52.88,236.63 51.53,236.90
             48.56,237.17 38.29,240.68 40.72,236.36
             41.80,233.93 45.86,235.28 48.29,234.20
             51.53,232.58 48.29,229.06 46.94,228.52
             46.13,228.25 45.86,230.15 45.05,230.15
             42.61,230.96 40.45,232.04 37.75,232.31
             32.62,232.85 43.16,229.33 42.34,227.17
             41.26,225.01 38.02,225.55 36.40,223.93
             33.16,220.96 40.72,226.09 43.97,226.36
             44.78,226.36 42.07,225.82 41.53,225.28
             40.99,224.47 40.18,222.85 40.99,222.85
             42.61,222.58 44.24,224.20 45.86,224.47
             46.13,224.74 45.59,223.93 45.86,223.66
             47.48,223.66 49.37,223.66 50.99,223.93
             51.80,224.20 52.34,226.09 53.15,225.55
             60.45,219.34 44.78,223.12 44.51,223.12
             42.61,222.85 38.83,216.91 38.83,216.64
             38.56,215.56 45.59,216.10 47.21,216.91
             56.94,222.31 50.45,218.26 61.53,218.53
             63.15,218.53 57.21,220.96 56.67,219.61
             55.86,217.45 60.45,215.56 59.37,213.40
             58.83,211.78 57.48,216.64 55.86,217.72
             52.88,219.61 47.48,216.64 44.78,215.29
             44.24,214.75 44.78,213.13 45.59,213.13
             54.78,211.24 45.05,216.64 55.32,215.02
             55.86,215.02 54.78,213.67 55.05,213.13
             55.86,211.24 59.37,209.89 58.56,208.00
             58.02,205.84 54.78,204.76 52.88,205.84
             51.53,206.92 54.24,209.62 53.69,211.24
             53.15,212.32 51.53,213.13 50.72,212.59
             48.83,211.51 48.56,208.00 46.40,207.73
             45.05,207.46 45.05,212.59 43.97,211.51
             42.88,210.16 45.32,208.00 45.32,206.38
             45.59,205.84 44.78,207.73 44.24,207.73
             43.70,207.73 44.24,206.11 43.70,206.38
             43.16,206.65 43.70,208.54 42.88,208.27
             42.34,207.73 43.16,206.11 42.34,205.84
             34.24,200.43 37.75,204.49 32.89,207.46
             32.35,207.73 31.80,206.92 32.07,206.38
             32.07,206.11 32.89,206.38 33.16,206.11
             34.51,204.49 36.67,202.87 36.13,200.97
             35.59,199.35 32.62,200.97 31.26,199.89
             30.99,199.62 33.16,190.17 26.40,193.14
             24.51,193.95 27.75,197.46 26.94,199.35
             26.40,200.43 25.32,197.73 24.78,196.65
             22.89,193.95 19.91,192.06 18.56,189.09
             18.29,188.28 20.18,188.55 20.72,188.82
             23.97,189.09 26.40,192.60 29.64,191.79
             31.26,191.52 21.54,185.04 22.08,182.61
             22.35,181.53 23.70,183.69 24.24,184.23
             25.86,185.85 26.67,188.55 28.83,188.82
             30.45,189.36 34.24,188.28 33.70,186.39
             33.16,184.50 29.64,185.58 27.75,184.77
             27.21,184.50 27.75,183.69 28.29,183.42
             30.45,182.07 34.51,183.42 35.59,179.91
             36.94,174.50 26.40,168.83 26.40,164.51
             26.94,158.30 49.91,186.66 39.37,169.10
             36.40,164.24 25.05,169.10 28.56,157.76
             28.56,157.22 29.64,158.30 30.18,158.03
             30.45,158.03 30.18,157.22 30.45,157.22
             31.53,158.84 32.07,160.73 33.16,162.08
             34.51,163.43 36.13,164.51 38.02,165.32
             38.56,165.32 38.02,163.97 37.48,163.70
             36.13,162.08 33.70,161.54 32.89,159.65
             30.18,152.09 45.05,155.33 46.13,154.79
             47.48,154.52 44.24,152.63 42.88,152.36
             39.64,152.36 36.67,155.06 33.70,154.52
             32.89,154.52 33.43,152.63 34.24,152.09
             35.59,151.28 38.83,152.90 39.64,151.28
             40.18,149.93 36.13,151.82 34.78,151.01
             34.24,150.74 38.83,147.50 40.72,148.58
             44.78,151.01 49.37,155.60 49.64,146.41
             49.64,145.87 48.56,145.87 48.02,146.14
             46.13,146.68 44.78,148.58 43.16,148.85
             42.61,148.85 36.40,144.25 37.75,142.63
             40.99,138.58 45.32,150.20 49.10,141.55
             49.37,141.01 44.24,136.96 42.88,134.26
             42.61,133.72 47.21,135.34 45.86,131.02
             45.59,130.21 43.43,132.37 43.16,131.56
             42.61,129.94 43.70,128.32 43.97,126.70
             46.67,117.24 60.72,121.84 67.48,118.32
             68.02,118.05 67.48,116.70 66.94,116.70
             62.34,114.54 58.56,115.62 53.42,115.62
             53.15,115.62 54.51,115.62 54.78,115.35
             55.05,115.08 54.78,114.27 55.32,114.00
             56.13,113.46 57.48,113.19 58.56,113.19
             59.64,112.92 62.88,114.54 62.34,113.46
             61.53,111.30 57.48,112.11 56.94,109.95
             55.59,103.47 65.05,106.71 66.13,106.17
             68.02,105.09 68.29,102.12 70.18,101.04
             70.99,100.77 71.26,102.93 72.34,102.93
             72.88,103.20 72.34,101.85 71.80,101.31
             70.99,100.50 69.91,100.50 69.10,99.69
             68.02,98.61 62.88,93.48 63.96,92.39
             64.23,91.85 65.32,92.12 65.59,91.58
             65.86,91.31 64.50,90.77 65.05,90.50
             67.21,88.34 76.67,98.61 78.02,94.29
             80.45,87.53 63.42,93.48 66.13,85.91
             66.40,84.83 68.83,86.45 69.64,85.64
             70.99,83.75 69.91,80.24 72.07,79.43
             73.42,78.62 74.23,81.86 75.59,82.40
             77.75,83.21 80.18,83.21 82.34,83.21
             82.34,83.21 73.42,80.24 73.69,79.70
             75.31,78.35 78.29,78.89 79.37,77.00
             80.18,75.65 78.02,74.03 78.29,72.41
             78.56,71.87 79.91,72.14 80.18,72.68
             80.72,74.03 79.91,75.65 80.72,77.00
             81.26,77.54 80.99,74.84 81.53,75.11
             83.69,75.38 85.85,79.16 87.48,80.24
             88.56,80.78 90.45,80.24 91.26,81.32
             92.07,82.13 91.26,83.75 92.07,84.56
             93.15,85.64 95.04,85.37 96.39,86.18
             96.93,86.45 96.93,88.07 97.75,88.07
             98.29,87.80 98.02,86.45 97.75,85.91
             96.39,84.29 92.07,84.29 92.88,82.13
             93.42,80.24 98.02,82.67 99.10,80.78
             100.18,79.16 95.58,81.05 93.69,80.51
             91.26,79.97 88.56,78.62 86.40,77.54
             82.07,75.11 78.83,67.01 82.34,67.28
             89.91,67.82 82.07,77.27 90.18,76.73
             91.80,76.46 96.66,70.25 99.37,74.57
             100.18,76.19 99.64,78.35 100.18,79.97
             100.45,80.51 101.80,81.59 101.80,81.05
             101.80,79.16 96.93,66.47 104.23,68.90
             105.85,69.44 107.74,69.71 108.83,71.06
             112.07,75.11 105.31,77.54 104.77,81.05
             104.50,81.05 104.50,91.31 105.58,90.50
             108.56,88.88 106.12,82.94 107.20,80.24
             109.64,74.03 114.50,81.05 117.47,73.76
             119.10,69.71 111.53,75.38 109.64,69.17
             108.56,65.11 120.45,60.25 121.53,58.09
             122.07,56.74 120.99,54.31 119.37,54.31
             118.01,54.31 118.01,57.01 116.93,58.09
             115.85,58.90 113.69,59.17 113.42,60.52
             113.42,61.33 115.31,61.33 115.04,62.14
             114.50,65.11 111.26,66.74 108.56,68.63
             108.29,68.90 107.74,68.63 107.47,68.36
             107.47,67.82 108.83,67.55 108.56,67.28
             107.20,66.74 105.85,67.28 104.50,67.01
             103.15,66.74 100.45,67.01 100.45,65.39
             100.18,63.49 105.31,62.95 104.23,61.33
             103.69,60.52 83.69,68.36 80.99,64.03
             80.45,63.22 86.40,59.71 86.67,59.44
             89.10,56.47 93.42,51.34 100.18,52.15
             101.80,52.42 103.15,52.96 104.50,54.04
             104.77,54.31 103.42,55.66 103.96,55.66
             106.66,56.47 113.96,55.93 111.80,54.85
             111.26,54.85 110.72,55.12 110.45,55.12
             108.02,54.58 104.77,55.12 103.96,53.23
             103.15,51.88 109.10,50.80 107.74,50.26
             105.85,49.45 104.50,52.69 102.88,52.69
             100.45,52.96 95.58,50.53 96.93,48.64
             98.56,46.75 101.80,48.10 103.96,47.02
             104.77,46.75 103.15,45.67 103.42,44.86
             103.42,44.32 104.50,44.32 104.77,43.78
             105.31,43.24 104.23,41.89 105.04,41.62
             105.85,41.35 106.39,42.97 107.47,43.24
             108.29,43.51 107.20,41.08 108.02,40.81
             109.91,40.00 113.69,42.16 114.23,40.00
             115.04,35.40 99.37,44.05 109.64,33.24
             111.53,31.62 117.74,36.48 119.37,36.75
             122.34,37.29 125.31,34.86 128.28,35.67
             132.07,36.75 138.28,44.05 137.74,48.37
             137.47,51.88 133.42,45.40 135.85,45.67
             136.39,45.94 136.39,47.02 136.93,47.02
             137.20,47.29 135.85,40.00 134.77,38.65
             133.42,37.02 126.93,33.78 124.77,34.05
             123.69,34.05 122.88,35.94 121.80,35.94
             120.45,35.94 119.37,34.32 118.28,34.05
             116.39,33.51 113.96,33.78 112.34,32.70
             110.72,31.89 115.31,31.35 116.66,30.54
             117.74,30.00 125.31,24.60 123.42,21.90
             122.34,20.28 119.91,23.79 118.28,22.98
             116.12,21.90 115.04,15.96 117.47,15.96
             118.83,15.96 119.91,17.04 121.26,17.58
             123.42,18.12 126.12,17.31 127.47,18.93
             128.82,20.82 126.66,23.52 127.47,25.68
             127.47,25.68 130.99,25.14 135.04,25.95
             136.39,26.22 139.63,28.38 138.82,27.30
             137.47,25.41 135.31,24.33 133.42,23.52
             132.07,23.25 129.91,25.14 129.36,24.06
             128.28,22.44 131.26,20.55 130.72,18.66
             130.18,16.23 116.39,20.01 122.88,8.66
             123.42,8.12 124.50,7.85 125.31,8.12
             129.09,8.39 132.07,10.83 135.58,11.37
             136.66,11.64 137.74,10.83 138.82,10.83
             140.99,11.10 143.15,11.37 145.04,12.18
             146.66,12.99 147.74,14.88 149.36,15.69
             149.90,15.96 149.63,14.61 149.90,14.34
             151.26,13.53 152.88,12.99 154.50,13.26
             156.66,13.53 157.74,16.77 159.90,17.04
             162.07,17.04 163.96,15.42 165.85,15.69
             166.66,15.96 165.85,17.58 166.66,18.12
             167.20,18.39 167.74,16.23 168.01,16.77
             172.61,26.22 162.34,17.31 172.61,26.49
             172.88,26.76 172.61,25.68 172.33,25.14
             170.98,22.71 166.12,18.66 170.71,17.58
             176.66,15.96 177.47,30.27 179.63,26.76
             180.44,25.41 173.96,17.04 172.33,16.50
             167.74,14.61 159.63,12.18 154.50,11.91
             152.61,11.91 150.99,13.26 149.36,12.99
             145.85,12.72 143.15,10.28 139.90,10.01
             139.09,9.74 125.85,10.28 126.39,6.23
             127.74,-1.60 132.34,5.69 134.77,6.77
             135.58,7.04 133.96,5.15 133.42,4.61
             132.61,3.80 131.26,3.26 130.45,2.45
             130.45,2.45 141.80,2.45 141.80,2.45
             142.61,2.72 143.69,2.72 144.50,3.53
             145.58,4.88 145.58,7.31 146.66,9.20
             146.93,9.47 148.01,9.74 148.01,9.20
             148.28,7.31 146.12,4.88 144.23,2.45
             144.23,2.45 149.63,2.45 149.63,2.45
             151.53,5.42 153.96,7.31 158.01,5.42
             160.44,4.07 161.80,3.26 162.34,2.45
             162.34,2.45 176.93,2.45 176.93,2.45
             176.66,4.34 176.12,6.23 175.04,8.66
             173.15,12.99 175.85,10.28 179.63,14.07
             180.98,15.42 183.14,20.01 183.14,18.12
             183.42,13.26 176.12,13.80 175.04,10.83
             174.77,10.28 177.74,4.07 178.55,2.45
             178.55,2.45 180.17,2.45 180.17,2.45
             182.06,3.53 184.50,6.23 183.69,4.88
             182.87,3.80 181.52,3.26 180.17,2.45
             180.17,2.45 190.17,2.45 190.17,2.45
             190.17,2.99 190.17,3.26 190.17,3.53
             190.17,5.15 188.82,6.77 189.09,8.39
             189.36,10.28 193.95,20.55 194.77,14.61
             194.77,14.34 186.12,8.39 191.25,4.07
             192.33,2.99 193.41,5.42 194.77,5.96
             196.39,6.50 198.28,6.77 199.63,7.58
             200.44,8.12 200.71,10.56 201.25,9.74
             202.87,7.58 196.93,6.50 194.50,5.42
             192.33,4.34 191.52,3.53 190.98,2.45
             190.98,2.45 200.17,2.45 200.17,2.45
             201.52,4.07 202.87,6.77 202.60,5.42
             202.60,4.61 202.33,3.53 201.79,2.45
             201.79,2.45 204.22,2.45 204.22,2.45
             204.76,3.26 205.58,3.80 206.66,4.61
             207.20,4.88 205.58,3.53 205.31,2.72
             205.31,2.72 205.31,2.72 205.31,2.45
             205.31,2.45 617.98,2.45 617.98,2.45 Z" />
</svg>
