<?xml version="1.0" encoding="UTF-8" standalone="no"?>
<!DOCTYPE svg PUBLIC "-//W3C//DTD SVG 20010904//EN"
              "http://www.w3.org/TR/2001/REC-SVG-20010904/DTD/svg10.dtd">

<svg xmlns="http://www.w3.org/2000/svg"
     width="22.2222in" height="16.6667in"
     viewBox="0 0 2000 1500">
  <path id="is"
        fill="none" stroke="black" stroke-width="1"
        d="M 420.05,374.16
           C 419.24,373.89 401.94,365.51 401.13,364.97
             400.05,364.16 403.56,363.08 404.37,362.00
             405.19,360.65 404.37,356.60 405.73,357.14
             407.89,357.95 406.54,361.46 407.89,363.08
             408.16,363.62 408.43,361.73 409.24,361.73
             411.40,361.46 413.83,363.35 415.73,362.54
             424.10,359.30 413.02,356.33 423.29,355.52
             425.18,355.52 427.08,356.87 428.97,357.14
             430.32,357.41 426.81,355.25 425.72,354.71
             425.18,354.71 424.64,354.71 424.10,354.71
             421.94,354.44 419.78,354.98 417.89,354.17
             416.54,353.36 421.13,354.71 422.21,353.63
             422.75,353.09 420.05,352.82 420.32,352.01
             420.32,350.66 421.40,349.58 422.75,349.04
             423.56,348.77 424.91,349.58 425.99,349.58
             427.89,349.31 430.05,349.04 431.67,347.69
             432.48,347.15 429.51,347.42 428.70,346.88
             427.89,346.61 421.13,349.85 419.24,349.58
             417.89,349.31 420.05,346.61 420.32,345.25
             420.32,343.63 419.24,342.28 419.51,340.66
             419.78,339.04 422.75,337.96 422.21,336.07
             421.94,334.99 419.51,336.61 418.43,336.07
             417.62,335.80 417.89,333.64 417.08,334.18
             416.81,334.45 417.89,335.80 417.35,335.53
             415.18,334.45 413.02,330.94 411.13,329.59
             410.86,329.05 410.05,329.32 409.51,329.32
             408.97,329.32 408.43,330.13 408.16,329.86
             407.62,329.59 407.89,328.24 407.08,327.97
             406.00,327.43 391.13,327.43 401.94,322.30
             404.92,320.95 404.37,323.65 407.08,325.27
             409.51,326.62 413.29,323.11 415.73,324.46
             416.81,325.00 413.83,327.16 414.91,327.97
             415.73,328.78 416.27,326.35 417.35,326.08
             419.24,325.54 421.40,324.46 423.02,325.54
             424.10,326.62 422.48,328.78 422.75,330.13
             422.75,330.94 422.75,328.78 423.02,328.51
             424.37,326.89 444.64,340.12 437.62,328.51
             436.53,326.89 433.83,329.86 431.67,329.59
             429.24,329.32 427.35,326.35 426.26,324.19
             426.26,324.19 426.54,323.92 426.81,323.65
             429.78,321.49 434.64,320.95 437.89,320.68
             439.51,320.68 441.40,322.30 442.48,320.95
             444.64,319.06 434.37,319.87 434.64,316.89
             434.91,315.00 440.05,315.81 440.05,313.65
             439.78,300.96 430.59,315.00 430.05,312.57
             429.78,310.95 431.13,309.33 430.59,307.98
             430.32,307.44 429.51,309.06 428.97,309.06
             428.43,309.06 429.51,307.71 428.97,307.71
             427.08,308.25 427.08,311.49 425.72,307.98
             425.45,307.71 425.99,306.63 425.72,306.63
             424.64,307.44 424.64,309.33 423.29,309.60
             422.48,309.60 422.75,307.71 421.94,307.44
             420.32,306.90 412.75,310.68 412.48,306.36
             412.48,305.55 413.83,305.55 413.83,304.74
             413.02,302.31 406.54,302.58 407.08,299.88
             409.24,288.53 415.73,304.74 417.08,303.93
             420.86,301.50 412.75,293.67 418.16,293.67
             423.02,293.40 419.78,311.76 425.99,303.39
             426.81,302.31 422.75,300.96 423.83,300.15
             424.91,298.80 427.89,301.77 429.24,300.42
             430.05,299.07 425.72,300.42 424.64,299.34
             423.02,297.72 422.48,295.29 422.21,293.13
             421.13,283.94 427.35,301.50 429.78,298.80
             430.59,297.99 421.40,290.70 425.45,288.80
             427.35,287.99 428.70,293.13 430.59,292.32
             431.67,291.51 425.45,282.86 433.29,285.56
             439.78,287.99 432.48,299.34 439.78,303.93
             439.78,304.20 444.37,302.04 444.64,296.64
             444.64,295.56 443.02,296.10 442.48,295.29
             441.67,294.48 438.70,289.34 439.78,287.72
             441.67,285.56 445.45,289.61 448.16,290.97
             448.97,291.24 445.72,290.42 445.72,289.61
             445.45,288.80 447.07,289.07 447.61,288.80
             447.88,288.53 447.88,287.99 447.61,287.99
             444.10,288.26 444.37,293.67 440.32,284.75
             436.80,276.92 444.37,282.86 444.64,282.86
             444.64,282.86 444.91,282.59 444.91,282.32
             444.91,281.78 444.37,280.70 444.91,280.97
             445.72,281.78 445.72,283.40 446.80,284.21
             447.88,285.02 449.78,284.75 450.86,285.56
             453.56,287.72 449.51,290.42 449.78,291.78
             449.78,292.32 451.13,291.78 451.67,292.05
             451.94,292.32 453.83,293.94 453.29,295.02
             452.75,295.29 451.40,295.02 451.67,295.56
             452.21,296.64 454.37,296.37 454.37,297.72
             454.64,299.61 451.94,301.50 452.48,303.39
             453.02,305.01 457.07,303.93 456.80,305.55
             456.80,307.17 452.75,304.47 452.21,305.82
             451.94,307.17 464.37,312.57 451.94,314.46
             449.78,315.00 448.97,311.22 446.80,310.41
             445.99,310.14 447.07,312.03 447.61,312.84
             448.16,315.00 450.59,316.89 450.05,318.79
             449.51,320.95 445.45,320.95 445.18,323.11
             444.64,324.46 448.43,323.65 448.70,325.00
             449.24,326.35 447.07,327.70 446.53,329.05
             445.99,330.67 444.10,333.91 445.72,334.18
             451.40,335.26 451.13,323.92 454.64,322.03
             465.72,316.08 458.15,323.65 457.88,324.73
             456.26,331.48 464.37,324.19 464.91,323.65
             468.42,319.87 467.07,309.06 469.78,309.33
             479.23,310.14 470.86,322.03 476.26,326.35
             480.59,330.13 478.15,321.49 479.23,319.33
             479.50,317.98 480.59,316.35 481.94,315.81
             482.75,315.54 483.83,316.08 484.91,316.62
             485.18,316.89 485.18,317.70 485.45,317.70
             487.61,317.16 489.77,314.19 491.67,315.27
             493.56,316.08 493.29,319.06 493.56,321.22
             493.56,322.57 491.94,323.38 492.21,324.73
             493.56,331.48 496.80,319.87 494.91,329.86
             494.10,335.53 492.21,332.56 493.56,337.69
             495.72,346.88 495.72,320.14 498.42,319.60
             505.45,317.70 503.83,329.32 504.37,332.02
             504.37,332.56 504.37,330.67 504.91,330.40
             505.18,330.13 506.26,330.40 505.99,330.13
             504.37,326.62 506.53,331.75 506.53,331.75
             506.80,331.75 506.80,330.94 507.07,330.67
             508.42,328.51 511.12,324.73 514.10,324.46
             517.07,324.19 516.80,330.40 519.23,332.02
             520.31,332.56 518.69,329.59 519.50,328.78
             521.12,326.89 522.20,331.21 522.20,331.21
             522.47,331.75 521.93,329.86 522.20,329.32
             522.74,328.51 524.10,327.97 524.37,326.89
             524.91,325.81 524.37,324.46 524.37,323.11
             524.64,321.49 524.37,319.33 525.72,318.52
             527.61,317.70 529.50,319.06 531.39,319.60
             536.26,320.68 532.20,322.84 532.74,324.73
             533.28,325.81 534.91,325.54 535.45,326.35
             537.34,330.40 527.34,331.48 536.26,336.34
             537.34,336.88 537.34,333.91 538.42,333.37
             539.50,332.83 540.85,333.91 541.93,333.37
             544.36,332.56 547.07,326.62 550.58,333.10
             551.12,334.18 548.15,333.64 546.80,333.91
             542.74,334.72 541.12,334.18 538.42,338.50
             538.15,339.04 539.77,339.04 539.77,339.58
             540.04,340.39 538.42,340.93 538.96,341.20
             540.31,342.28 542.74,341.47 544.09,342.55
             548.42,345.80 538.15,351.74 537.61,352.28
             537.07,352.55 538.69,351.47 539.50,351.74
             541.39,352.28 543.28,353.63 544.90,354.98
             545.17,355.25 543.55,355.25 543.55,355.79
             543.55,356.60 544.90,357.41 544.90,358.22
             544.90,358.76 543.82,357.95 543.55,358.22
             541.66,359.30 536.53,361.46 538.42,362.27
             540.85,363.08 543.01,357.14 544.90,358.76
             545.72,359.84 546.53,360.92 547.61,361.73
             548.15,362.27 549.23,361.19 549.50,362.00
             550.85,364.43 552.20,369.02 548.96,371.18
             547.34,372.26 544.90,371.99 543.28,372.80
             542.47,373.35 541.39,374.43 541.93,374.97
             542.74,375.78 556.80,377.40 545.72,383.88
             543.28,385.23 537.07,379.56 537.07,379.29
             535.18,376.86 545.72,383.61 543.01,386.04
             541.66,387.12 539.50,383.34 538.15,384.42
             537.07,385.23 540.85,386.04 541.39,387.39
             541.66,387.93 540.31,388.47 539.77,388.74
             537.34,389.82 534.09,392.79 532.20,390.90
             530.85,389.55 531.12,384.15 529.77,385.50
             528.42,387.12 532.74,389.55 531.66,391.44
             530.85,393.06 527.34,391.17 525.99,392.52
             524.37,393.87 525.45,397.11 524.10,398.73
             523.55,399.54 521.93,397.92 521.12,398.19
             519.23,398.73 518.15,401.17 516.26,401.44
             514.64,401.71 515.45,394.68 511.12,393.60
             509.77,393.33 511.39,396.57 510.58,397.92
             510.31,398.46 509.23,397.38 508.69,397.92
             508.42,397.92 509.77,398.73 509.50,398.73
             502.21,400.08 506.26,398.19 499.50,399.27
             495.99,399.81 493.02,402.79 489.50,404.14
             488.96,404.41 487.88,404.68 487.34,404.41
             485.45,403.60 484.91,400.63 483.02,400.63
             481.40,400.90 481.94,404.41 480.59,404.95
             479.50,405.22 479.23,403.06 478.15,402.52
             476.53,401.98 470.59,401.71 468.42,400.90
             464.64,399.81 464.37,406.30 463.56,407.11
             461.67,408.73 451.67,407.65 449.78,406.84
             444.91,405.22 440.86,397.38 438.43,394.95
             434.91,391.98 431.94,394.41 430.05,389.01
             429.78,387.66 428.43,386.04 428.97,384.69
             429.51,382.80 434.64,381.99 433.02,381.18
             431.40,380.37 430.05,385.50 428.70,384.42
             427.08,383.07 430.59,380.10 429.51,378.21
             428.97,377.13 427.62,380.64 426.54,380.10
             424.64,379.02 424.64,376.32 423.02,374.97
             422.21,374.16 421.13,374.43 420.05,374.16 Z" />
</svg>
